Starting experiment 1
Selected sorting type: Permutation-based
Circuit depth: 17

Ciphertext: 
[ 0.18 0.13 0.12 0.19 0.76 0.21 0.36 0.43 ]

δ: 0.01, N: 65536, log(QP): 1233, λ: 128 bits
⌛(The sorting took:): 13:456s
Level final: 16/17


Expected:  [ 0.12 0.13 0.18 0.19 0.21 0.36 0.43 0.76 ]

Obtained:  [ 0.12 0.13 0.18 0.19 0.21 0.36 0.43 0.76 ]

Corrects (up to 0.01): [1;32m8[0m/[1;32m8[0m
Precision bits: [1;32m12.75[0m, inputs: 8
Selected sorting type: Permutation-based
Circuit depth: 17

Ciphertext: 
[ 0.29 0.38 0.02 0.07 0.26 0.03 0.31 0.01 0.64 0.73 0.86 0.56 0.30 0.78 0.76 0.75 ]

δ: 0.01, N: 65536, log(QP): 1233, λ: 128 bits
⌛(The sorting took:): 14:404s
Level final: 16/17


Expected:  [ 0.01 0.02 0.03 0.07 0.26 0.29 0.30 0.31 0.38 0.56 0.64 0.73 0.75 0.76 0.78 0.86 ]

Obtained:  [ 0.01 0.02 0.03 0.07 0.26 0.29 0.30 0.31 0.38 0.56 0.64 0.73 0.75 0.76 0.78 0.86 ]

Corrects (up to 0.01): [1;32m16[0m/[1;32m16[0m
Precision bits: [1;32m10.76[0m, inputs: 16
Selected sorting type: Permutation-based
Circuit depth: 18

Ciphertext: 
[ 0.44 0.05 0.54 0.30 0.99 0.77 0.26 0.86 0.73 0.31 0.66 0.27 0.94 0.50 0.21 0.96 0.20 0.04 0.55 0.12 0.13 0.48 0.63 0.62 0.16 0.59 0.08 0.11 0.10 0.09 0.43 0.74 ]

δ: 0.01, N: 65536, log(QP): 1338, λ: 128 bits
⌛(The sorting took:): 15:815s
Level final: 17/18


Expected:  [ 0.04 0.05 0.08 0.09 0.10 0.11 0.12 0.13 0.16 0.20 0.21 0.26 0.27 0.30 0.31 0.43 0.44 0.48 0.50 0.54 0.55 0.59 0.62 0.63 0.66 0.73 0.74 0.77 0.86 0.94 0.96 0.99 ]

Obtained:  [ 0.04 0.05 0.08 0.09 0.10 0.11 0.12 0.13 0.16 0.20 0.21 0.26 0.27 0.30 0.31 0.43 0.44 0.48 0.50 0.54 0.55 0.59 0.62 0.63 0.66 0.73 0.74 0.77 0.86 0.94 0.96 0.99 ]

Corrects (up to 0.01): [1;32m32[0m/[1;32m32[0m
Precision bits: [1;32m9.64[0m, inputs: 32
Selected sorting type: Permutation-based
Circuit depth: 19

Ciphertext: 
[ 0.95 0.43 0.39 0.45 0.85 0.99 0.70 0.93 0.51 0.05 0.14 0.20 0.03 0.00 0.01 0.25 0.21 0.96 0.58 0.62 0.68 0.89 0.72 0.50 0.52 0.97 0.77 0.63 0.87 0.69 0.40 0.26 0.27 0.23 0.60 0.22 0.06 0.86 0.53 0.11 0.92 0.31 0.49 0.67 0.74 0.08 0.12 0.42 0.37 0.47 0.34 0.30 0.24 0.94 0.15 0.17 0.35 0.16 0.91 0.32 0.38 0.82 0.07 0.57 ]

δ: 0.01, N: 65536, log(QP): 1383, λ: 128 bits
⌛(The sorting took:): 18:828s
Level final: 18/19


Expected:  [ 0.00 0.01 0.03 0.05 0.06 0.07 0.08 0.11 0.12 0.14 0.15 0.16 0.17 0.20 0.21 0.22 0.23 0.24 0.25 0.26 0.27 0.30 0.31 0.32 0.34 0.35 0.37 0.38 0.39 0.40 0.42 0.43 0.45 0.47 0.49 0.50 0.51 0.52 0.53 0.57 0.58 0.60 0.62 0.63 0.67 0.68 0.69 0.70 0.72 0.74 0.77 0.82 0.85 0.86 0.87 0.89 0.91 0.92 0.93 0.94 0.95 0.96 0.97 0.99 ]

Obtained:  [ -0.00 0.01 0.03 0.05 0.06 0.07 0.08 0.11 0.12 0.14 0.15 0.16 0.17 0.20 0.21 0.22 0.23 0.24 0.25 0.26 0.27 0.30 0.31 0.32 0.34 0.35 0.37 0.38 0.39 0.40 0.42 0.43 0.45 0.47 0.49 0.50 0.51 0.52 0.53 0.57 0.58 0.60 0.62 0.63 0.67 0.68 0.69 0.70 0.72 0.74 0.77 0.82 0.85 0.86 0.87 0.89 0.91 0.92 0.93 0.94 0.95 0.96 0.97 0.99 ]

Corrects (up to 0.01): [1;32m64[0m/[1;32m64[0m
Precision bits: [1;32m9.45[0m, inputs: 64
Selected sorting type: Permutation-based
Circuit depth: 20

Ciphertext: 
[ 0.23 0.06 0.87 0.02 0.55 0.07 0.60 0.70 0.29 0.66 0.57 0.86 0.48 0.87 0.35 0.00 0.83 0.45 0.52 0.47 0.54 0.08 0.37 0.42 0.16 0.49 0.32 0.58 0.78 0.53 0.97 0.85 0.87 0.04 0.08 0.06 0.00 0.33 0.17 0.34 0.93 0.36 0.18 0.03 0.46 0.61 0.98 0.99 0.21 0.21 0.82 0.59 0.32 0.69 0.99 0.50 0.36 0.91 0.25 0.68 0.09 0.26 0.71 0.65 0.24 0.67 0.74 0.92 0.96 0.41 0.84 0.77 0.30 0.44 0.28 0.72 0.83 0.95 0.15 0.39 0.19 0.09 0.78 0.73 0.56 0.05 0.69 0.88 0.27 0.14 0.81 0.78 0.38 0.12 0.82 0.05 0.46 0.63 0.13 0.76 0.96 0.01 0.31 0.49 0.31 0.10 0.87 0.18 0.64 0.93 0.20 0.51 0.43 0.75 0.37 0.40 0.54 0.31 0.22 0.94 0.90 0.11 0.89 0.25 0.62 0.80 0.79 0.63 ]

δ: 0.01, N: 65536, log(QP): 1488, λ: 128 bits
⌛(The sorting took:): 22:445s
Level final: 19/20


Expected:  [ 0.00 0.00 0.01 0.02 0.03 0.04 0.05 0.05 0.06 0.06 0.07 0.08 0.08 0.09 0.09 0.10 0.11 0.12 0.13 0.14 0.15 0.16 0.17 0.18 0.18 0.19 0.20 0.21 0.21 0.22 0.23 0.24 0.25 0.25 0.26 0.27 0.28 0.29 0.30 0.31 0.31 0.31 0.32 0.32 0.33 0.34 0.35 0.36 0.36 0.37 0.37 0.38 0.39 0.40 0.41 0.42 0.43 0.44 0.45 0.46 0.46 0.47 0.48 0.49 0.49 0.50 0.51 0.52 0.53 0.54 0.54 0.55 0.56 0.57 0.58 0.59 0.60 0.61 0.62 0.63 0.63 0.64 0.65 0.66 0.67 0.68 0.69 0.69 0.70 0.71 0.72 0.73 0.74 0.75 0.76 0.77 0.78 0.78 0.78 0.79 0.80 0.81 0.82 0.82 0.83 0.83 0.84 0.85 0.86 0.87 0.87 0.87 0.87 0.88 0.89 0.90 0.91 0.92 0.93 0.93 0.94 0.95 0.96 0.96 0.97 0.98 0.99 0.99 ]

Obtained:  [ -0.00 0.00 0.01 0.02 0.03 0.04 0.05 0.05 0.06 0.06 0.07 0.08 0.08 0.09 0.09 0.10 0.11 0.12 0.13 0.14 0.15 0.16 0.17 0.18 0.18 0.19 0.20 0.21 0.21 0.22 0.23 0.24 0.25 0.25 0.26 0.27 0.28 0.29 0.30 0.31 0.31 0.31 0.32 0.32 0.33 0.34 0.35 0.36 0.36 0.37 0.37 0.38 0.39 0.40 0.41 0.42 0.43 0.44 0.45 0.46 0.46 0.47 0.48 0.49 0.49 0.50 0.51 0.52 0.53 0.54 0.54 0.55 0.56 0.57 0.58 0.59 0.60 0.61 0.62 0.63 0.63 0.64 0.65 0.66 0.67 0.68 0.69 0.69 0.70 0.71 0.72 0.73 0.74 0.75 0.76 0.77 0.78 0.78 0.78 0.79 0.80 0.81 0.82 0.82 0.83 0.83 0.84 0.85 0.86 0.87 0.87 0.87 0.87 0.88 0.89 0.90 0.91 0.92 0.93 0.93 0.94 0.95 0.96 0.96 0.97 0.98 0.99 0.99 ]

Corrects (up to 0.01): [1;32m128[0m/[1;32m128[0m
Precision bits: [1;32m8.61[0m, inputs: 128
Starting experiment 1
Selected sorting type: Network-based

Ciphertext: 
[ 0.19 0.71 0.79 0.69 0.99 0.51 0.76 0.81 ]

δ: 0.01, n: 8
Levels required: 10
log(QP): 1765
⌛(The sorting took:): 58:362s
Level final: 23/25


Expected:  [ 0.18 0.48 0.66 0.67 0.72 0.75 0.77 0.94 ]

Obtained:  [ 0.18 0.48 0.66 0.67 0.72 0.75 0.77 0.94 ]

Corrects (up to 0.01): [1;32m8[0m/[1;32m8[0m
Precision bits: [1;32m14.02[0m, inputs: 8
Selected sorting type: Network-based

Ciphertext: 
[ 0.56 0.81 0.16 0.31 0.41 0.18 0.90 0.83 0.36 0.61 0.00 0.05 0.10 0.32 0.89 0.37 ]

δ: 0.01, n: 16
Levels required: 10
log(QP): 1765
⌛(The sorting took:): 1.23:65
Level final: 23/25


Expected:  [ 0.00 0.05 0.09 0.15 0.17 0.29 0.30 0.34 0.35 0.39 0.53 0.58 0.77 0.79 0.85 0.86 ]

Obtained:  [ 0.00 0.05 0.10 0.15 0.17 0.29 0.30 0.34 0.35 0.39 0.53 0.58 0.77 0.79 0.85 0.86 ]

Corrects (up to 0.01): [1;32m16[0m/[1;32m16[0m
Precision bits: [1;32m14.87[0m, inputs: 16
Selected sorting type: Network-based

Ciphertext: 
[ 0.89 0.71 0.53 0.51 0.84 0.72 0.62 0.15 0.02 0.04 0.40 0.36 0.01 0.19 0.97 0.52 0.29 0.16 0.93 0.80 0.45 0.03 0.54 0.83 0.12 0.06 0.22 0.08 0.23 0.21 0.96 0.00 ]

δ: 0.01, n: 32
Levels required: 10
log(QP): 1765
⌛(The sorting took:): 2.21:230
Level final: 23/25


Expected:  [ 0.00 0.01 0.02 0.03 0.04 0.06 0.08 0.11 0.14 0.15 0.18 0.20 0.21 0.22 0.28 0.34 0.38 0.43 0.48 0.49 0.50 0.51 0.59 0.67 0.68 0.76 0.79 0.80 0.85 0.88 0.91 0.92 ]

Obtained:  [ -0.00 0.01 0.02 0.03 0.04 0.06 0.08 0.11 0.14 0.15 0.18 0.20 0.21 0.22 0.28 0.34 0.38 0.43 0.48 0.49 0.50 0.51 0.59 0.67 0.68 0.76 0.79 0.80 0.85 0.88 0.91 0.92 ]

Corrects (up to 0.01): [1;32m32[0m/[1;32m32[0m
Precision bits: [1;32m13.02[0m, inputs: 32
Selected sorting type: Network-based

Ciphertext: 
[ 0.72 0.48 0.35 0.00 0.16 0.61 0.37 0.07 0.50 0.15 0.44 0.67 0.98 0.89 0.27 0.36 0.30 0.01 0.96 0.45 0.11 0.05 0.86 0.74 0.42 0.79 0.63 0.99 0.51 0.08 0.22 0.60 0.41 0.14 0.76 0.03 0.64 0.32 0.68 0.34 0.90 0.06 0.70 0.78 0.49 0.94 0.82 0.21 0.47 0.97 0.52 0.10 0.80 0.83 0.95 0.69 0.91 0.65 0.77 0.93 0.71 0.54 0.26 0.57 ]

δ: 0.01, n: 64
Levels required: 10
log(QP): 1765
⌛(The sorting took:): 3.8:421
Level final: 23/25


Expected:  [ 0.00 0.01 0.03 0.05 0.06 0.07 0.08 0.09 0.10 0.13 0.14 0.15 0.20 0.21 0.25 0.26 0.29 0.30 0.32 0.33 0.34 0.35 0.39 0.40 0.42 0.43 0.45 0.46 0.47 0.48 0.48 0.49 0.51 0.54 0.57 0.58 0.60 0.61 0.62 0.64 0.65 0.66 0.67 0.67 0.68 0.70 0.72 0.73 0.74 0.75 0.76 0.78 0.79 0.82 0.85 0.86 0.86 0.88 0.89 0.90 0.91 0.92 0.93 0.94 ]

Obtained:  [ -0.00 0.01 0.03 0.05 0.06 0.07 0.08 0.09 0.10 0.13 0.14 0.15 0.20 0.21 0.25 0.26 0.28 0.30 0.32 0.33 0.34 0.35 0.39 0.40 0.42 0.43 0.45 0.46 0.47 0.47 0.48 0.49 0.51 0.54 0.57 0.58 0.60 0.61 0.62 0.64 0.65 0.66 0.66 0.67 0.68 0.70 0.72 0.73 0.74 0.75 0.76 0.78 0.79 0.82 0.85 0.85 0.86 0.88 0.89 0.90 0.91 0.92 0.93 0.94 ]

Corrects (up to 0.01): [1;32m64[0m/[1;32m64[0m
Precision bits: [1;32m12.19[0m, inputs: 64
Selected sorting type: Network-based

Ciphertext: 
[ 0.76 0.22 0.66 0.55 0.03 0.84 0.72 0.60 0.87 0.90 0.49 0.80 0.41 0.07 0.29 0.13 0.74 0.22 0.48 0.63 0.42 0.67 0.45 0.75 0.92 0.79 0.53 0.96 0.74 0.25 0.57 0.36 0.20 0.00 0.73 0.01 0.57 0.02 0.88 0.21 0.23 0.57 0.29 0.52 0.38 0.98 0.26 0.56 0.62 0.35 0.85 0.32 0.82 0.89 0.97 0.28 0.59 0.14 0.30 0.79 0.22 0.27 0.78 0.34 0.77 0.05 0.57 0.66 0.07 0.94 0.06 0.16 0.17 0.27 0.91 0.37 0.99 0.10 0.74 0.93 0.73 0.15 0.11 0.44 0.68 0.04 0.19 0.04 0.23 0.69 0.89 0.65 0.09 0.07 0.31 0.47 0.46 0.08 0.54 0.77 0.34 0.50 0.43 0.19 0.32 0.61 0.58 0.65 0.90 0.88 0.24 0.70 0.71 0.91 0.62 0.40 0.39 0.95 0.86 0.71 0.81 0.83 0.33 0.12 0.64 0.72 0.18 0.51 ]

δ: 0.01, n: 128
Levels required: 10
log(QP): 1765
⌛(The sorting took:): 4.35:421
Level final: 23/25


Expected:  [ 0.00 0.01 0.02 0.03 0.04 0.04 0.05 0.06 0.07 0.07 0.07 0.08 0.09 0.09 0.10 0.11 0.12 0.13 0.14 0.15 0.16 0.17 0.18 0.18 0.19 0.20 0.21 0.21 0.21 0.22 0.22 0.23 0.24 0.25 0.26 0.26 0.27 0.28 0.28 0.29 0.29 0.30 0.30 0.31 0.32 0.32 0.33 0.34 0.35 0.36 0.37 0.38 0.39 0.40 0.41 0.42 0.43 0.44 0.45 0.46 0.47 0.48 0.48 0.49 0.50 0.51 0.52 0.53 0.54 0.54 0.54 0.54 0.55 0.56 0.57 0.58 0.59 0.59 0.60 0.61 0.62 0.62 0.63 0.63 0.64 0.65 0.66 0.67 0.67 0.67 0.68 0.68 0.69 0.69 0.70 0.70 0.70 0.71 0.72 0.73 0.73 0.74 0.75 0.75 0.76 0.77 0.78 0.79 0.80 0.81 0.82 0.83 0.84 0.84 0.85 0.85 0.86 0.86 0.86 0.86 0.87 0.88 0.89 0.90 0.91 0.92 0.93 0.94 ]

Obtained:  [ 0.00 0.01 0.02 0.03 0.04 0.04 0.05 0.06 0.06 0.07 0.07 0.08 0.09 0.09 0.10 0.11 0.12 0.13 0.14 0.15 0.16 0.17 0.18 0.18 0.19 0.20 0.21 0.21 0.21 0.22 0.22 0.23 0.24 0.25 0.26 0.26 0.27 0.27 0.28 0.28 0.29 0.30 0.30 0.31 0.32 0.32 0.33 0.34 0.35 0.36 0.37 0.38 0.39 0.40 0.41 0.42 0.43 0.44 0.45 0.46 0.47 0.47 0.48 0.49 0.50 0.51 0.52 0.53 0.54 0.54 0.54 0.54 0.55 0.56 0.57 0.58 0.59 0.59 0.60 0.61 0.62 0.62 0.63 0.63 0.64 0.65 0.66 0.66 0.67 0.68 0.68 0.68 0.69 0.69 0.70 0.70 0.70 0.71 0.72 0.73 0.73 0.74 0.75 0.75 0.76 0.77 0.78 0.79 0.80 0.81 0.82 0.83 0.83 0.84 0.84 0.85 0.85 0.86 0.86 0.87 0.87 0.88 0.89 0.90 0.91 0.92 0.93 0.94 ]

Corrects (up to 0.01): [1;32m128[0m/[1;32m128[0m
Precision bits: [1;32m8.68[0m, inputs: 128
Selected sorting type: Network-based

Ciphertext: 
[ 0.79 0.18 0.70 0.24 0.17 0.81 0.95 0.73 0.79 0.79 0.07 0.58 0.91 0.73 0.04 0.60 0.29 0.41 0.78 0.67 0.73 0.29 0.79 0.86 0.85 0.81 0.39 0.15 0.37 0.16 0.01 0.46 0.57 0.11 0.57 0.94 0.02 0.19 0.92 0.37 0.90 0.38 0.54 0.83 0.13 0.34 0.13 0.99 0.87 0.91 0.29 0.07 0.05 0.00 0.89 0.06 0.63 0.74 0.08 0.38 0.70 0.60 0.13 0.88 0.68 0.09 0.37 0.41 0.27 0.34 0.24 0.64 0.91 0.02 0.98 0.69 0.79 0.35 0.97 0.91 0.52 0.97 0.67 0.60 0.07 0.36 0.63 0.45 0.90 0.25 0.91 0.44 0.51 0.91 0.23 0.93 0.00 0.41 0.77 0.12 0.32 0.41 0.08 0.88 0.20 0.48 0.73 0.63 0.57 0.54 0.70 0.96 0.22 0.23 0.68 0.91 0.73 0.26 0.06 0.47 0.56 0.20 0.06 0.37 0.14 0.75 0.86 0.62 0.97 0.91 0.53 0.42 0.21 0.79 0.79 0.33 0.03 0.34 0.41 0.05 0.07 0.63 0.34 0.10 0.72 0.49 0.34 0.43 0.31 0.86 0.41 0.19 0.64 0.06 0.83 0.31 0.22 0.79 0.79 0.41 0.80 0.86 0.70 0.41 0.91 0.48 0.66 0.29 0.45 0.50 0.91 0.34 0.97 0.65 0.41 0.94 0.97 0.16 0.55 0.61 0.29 0.40 0.97 0.79 0.14 0.66 0.57 0.91 0.18 0.90 0.45 0.33 0.41 0.64 0.34 0.49 0.04 0.65 0.27 0.97 0.66 0.02 0.57 0.86 0.07 0.09 0.02 0.26 0.11 0.07 0.60 0.41 0.29 0.73 0.38 0.05 0.89 0.22 0.28 0.93 0.64 0.81 0.71 0.76 0.37 0.13 0.32 0.79 0.13 0.59 0.15 0.41 0.27 0.69 0.15 0.50 0.19 0.82 0.09 0.91 0.84 0.64 0.32 0.30 0.07 0.34 0.29 0.98 0.96 0.26 0.07 0.40 0.00 0.95 0.24 0.95 ]

δ: 0.01, n: 256
Levels required: 10
log(QP): 1765
⌛(The sorting took:): 6.11:108
Level final: 23/25


Expected:  [ 0.00 0.00 0.00 0.01 0.02 0.02 0.02 0.02 0.03 0.04 0.04 0.05 0.05 0.05 0.06 0.06 0.06 0.06 0.07 0.07 0.07 0.07 0.07 0.07 0.07 0.07 0.08 0.08 0.09 0.09 0.09 0.09 0.10 0.10 0.11 0.12 0.12 0.12 0.12 0.12 0.13 0.13 0.14 0.14 0.14 0.15 0.15 0.16 0.17 0.17 0.18 0.18 0.18 0.19 0.19 0.20 0.21 0.21 0.21 0.22 0.22 0.23 0.23 0.23 0.24 0.25 0.25 0.25 0.26 0.26 0.26 0.27 0.28 0.28 0.28 0.28 0.28 0.28 0.28 0.29 0.29 0.29 0.30 0.30 0.30 0.31 0.31 0.32 0.32 0.32 0.32 0.32 0.32 0.32 0.32 0.33 0.34 0.35 0.35 0.35 0.35 0.35 0.36 0.36 0.36 0.37 0.38 0.38 0.39 0.39 0.39 0.39 0.39 0.39 0.39 0.39 0.39 0.39 0.39 0.39 0.40 0.41 0.42 0.43 0.43 0.43 0.44 0.45 0.46 0.46 0.47 0.47 0.48 0.48 0.48 0.49 0.50 0.51 0.51 0.52 0.53 0.54 0.54 0.54 0.54 0.54 0.55 0.56 0.57 0.57 0.57 0.57 0.58 0.59 0.60 0.60 0.60 0.60 0.61 0.61 0.61 0.61 0.61 0.62 0.62 0.63 0.63 0.63 0.64 0.64 0.65 0.65 0.66 0.66 0.67 0.67 0.67 0.67 0.67 0.68 0.69 0.69 0.69 0.69 0.69 0.69 0.70 0.71 0.72 0.73 0.74 0.75 0.75 0.75 0.75 0.75 0.75 0.75 0.75 0.75 0.75 0.75 0.76 0.77 0.77 0.77 0.78 0.79 0.79 0.80 0.81 0.82 0.82 0.82 0.82 0.82 0.83 0.84 0.84 0.85 0.85 0.86 0.86 0.86 0.86 0.86 0.86 0.86 0.86 0.86 0.86 0.86 0.86 0.86 0.86 0.86 0.87 0.88 0.88 0.89 0.89 0.90 0.90 0.90 0.91 0.91 0.92 0.92 0.92 0.92 0.92 0.92 0.92 0.93 0.93 0.94 ]

Obtained:  [ -0.00 0.00 0.00 0.01 0.02 0.02 0.02 0.02 0.03 0.04 0.04 0.05 0.05 0.05 0.05 0.06 0.06 0.06 0.06 0.06 0.06 0.07 0.07 0.07 0.07 0.07 0.07 0.08 0.08 0.09 0.09 0.09 0.10 0.11 0.11 0.12 0.12 0.12 0.12 0.13 0.13 0.13 0.14 0.14 0.14 0.15 0.15 0.16 0.17 0.17 0.18 0.18 0.18 0.19 0.19 0.20 0.21 0.21 0.21 0.22 0.22 0.23 0.23 0.23 0.24 0.25 0.25 0.25 0.25 0.26 0.26 0.27 0.27 0.27 0.27 0.28 0.28 0.28 0.28 0.29 0.29 0.30 0.30 0.30 0.31 0.31 0.32 0.32 0.32 0.32 0.32 0.32 0.32 0.33 0.33 0.33 0.34 0.35 0.35 0.35 0.35 0.35 0.36 0.36 0.36 0.37 0.38 0.38 0.38 0.39 0.39 0.39 0.39 0.39 0.39 0.39 0.39 0.39 0.39 0.39 0.40 0.41 0.42 0.43 0.43 0.43 0.44 0.45 0.45 0.46 0.46 0.47 0.47 0.48 0.48 0.49 0.50 0.51 0.51 0.52 0.53 0.54 0.54 0.54 0.54 0.54 0.55 0.56 0.57 0.57 0.57 0.57 0.58 0.59 0.60 0.60 0.60 0.60 0.60 0.61 0.61 0.61 0.61 0.62 0.62 0.63 0.63 0.63 0.64 0.64 0.64 0.65 0.65 0.66 0.66 0.66 0.67 0.67 0.67 0.68 0.69 0.69 0.69 0.69 0.69 0.70 0.70 0.71 0.72 0.73 0.74 0.75 0.75 0.75 0.75 0.75 0.75 0.75 0.75 0.75 0.75 0.75 0.76 0.77 0.77 0.77 0.78 0.79 0.79 0.80 0.81 0.81 0.82 0.82 0.82 0.82 0.83 0.83 0.84 0.84 0.85 0.85 0.85 0.86 0.86 0.86 0.86 0.86 0.86 0.86 0.86 0.87 0.86 0.87 0.87 0.87 0.87 0.88 0.88 0.89 0.89 0.90 0.90 0.90 0.91 0.91 0.92 0.92 0.92 0.92 0.92 0.92 0.92 0.93 0.93 0.94 ]

Corrects (up to 0.01): [1;32m256[0m/[1;32m256[0m
Precision bits: [1;32m7.64[0m, inputs: 256
Selected sorting type: Network-based

Ciphertext: 
[ 0.17 0.62 0.45 0.11 0.85 0.50 0.13 0.75 0.45 0.50 0.16 0.85 0.68 0.86 0.59 0.64 0.19 0.85 0.08 0.59 0.95 0.06 0.52 0.85 0.68 0.17 0.48 0.34 0.17 0.44 0.17 0.36 0.95 0.29 0.57 0.44 0.30 0.24 0.59 0.86 0.16 0.68 0.94 0.16 0.66 0.94 0.33 0.29 0.58 0.68 0.65 0.16 0.41 0.89 0.29 0.26 0.42 0.39 0.45 0.60 0.99 0.45 0.45 0.46 0.12 0.54 0.10 0.85 0.53 0.92 0.44 0.99 0.16 0.87 0.31 0.29 0.29 0.91 0.74 0.39 0.55 0.62 0.85 0.44 0.07 0.76 0.83 0.85 0.72 0.91 0.18 0.44 0.72 0.92 0.88 0.92 0.15 0.11 0.70 0.27 0.69 0.87 0.68 0.92 0.60 0.80 0.12 0.03 0.12 0.13 0.24 0.59 0.41 0.37 0.25 0.81 0.68 0.54 0.76 0.94 0.63 0.14 0.62 0.76 0.45 0.33 0.36 0.44 0.22 0.72 0.85 0.11 0.75 0.57 0.60 0.13 0.85 0.17 0.05 0.73 0.75 0.59 0.38 0.60 0.19 0.17 0.14 0.43 0.86 0.43 0.24 0.69 0.83 0.78 0.08 0.13 0.00 0.74 0.69 0.11 0.93 0.24 0.19 0.03 0.50 0.76 0.59 0.82 0.17 0.19 0.75 0.32 0.33 0.28 0.27 0.62 0.75 0.90 0.65 0.72 0.72 0.11 0.76 0.18 0.21 0.22 0.14 0.15 0.44 0.71 0.99 0.70 0.62 0.57 0.72 0.60 0.59 0.82 0.50 0.16 0.76 0.82 0.12 0.90 0.88 0.97 0.79 0.38 0.38 0.49 0.91 0.71 0.44 0.67 0.89 0.04 0.11 0.01 0.96 0.93 0.59 0.89 0.76 0.44 0.08 0.60 0.33 0.68 0.06 0.79 0.46 0.63 0.03 0.27 0.78 0.59 0.11 0.59 0.72 0.92 0.01 0.60 0.60 0.17 0.54 0.77 0.71 0.29 0.16 0.99 0.11 0.19 0.58 0.54 0.60 0.15 0.11 0.55 0.43 0.11 0.39 0.56 0.06 0.03 0.72 0.38 0.69 0.16 0.60 0.80 0.03 0.75 0.13 0.17 0.44 0.66 0.72 0.76 0.24 0.00 0.42 0.56 0.59 0.38 0.53 0.99 0.11 0.78 0.82 0.16 0.07 0.37 0.85 0.92 0.58 0.27 0.60 0.95 0.85 0.76 0.24 0.84 0.63 0.18 0.17 0.72 0.54 0.93 0.54 0.83 0.11 0.57 0.60 0.85 0.11 0.95 0.11 0.85 0.91 0.24 0.11 0.72 0.72 0.72 0.40 0.92 0.97 0.92 0.80 0.44 0.06 0.78 0.15 0.83 0.11 0.76 0.57 0.36 0.54 0.97 0.33 0.60 0.57 0.29 0.19 0.59 0.59 0.68 0.67 0.42 0.06 0.28 0.54 0.67 0.60 0.23 0.47 0.51 0.29 0.60 0.39 0.74 0.14 0.94 0.95 0.52 0.76 0.96 0.27 0.68 0.71 0.02 0.89 0.24 0.33 0.10 0.85 0.13 0.62 0.94 0.62 0.38 0.20 0.94 0.29 0.17 0.51 0.50 0.43 0.17 0.29 0.61 0.52 0.72 0.26 0.24 0.72 0.54 0.81 0.38 0.06 0.90 0.59 0.86 0.06 0.67 0.39 0.98 0.37 0.94 0.91 0.50 0.52 0.75 0.41 0.36 0.77 0.26 0.21 0.96 0.02 0.08 0.78 0.68 0.62 0.64 0.45 0.50 0.62 0.35 0.23 0.06 0.69 0.29 0.27 0.79 0.75 0.60 0.95 0.09 0.12 0.44 0.95 0.71 0.74 0.39 0.92 0.10 0.85 0.51 0.60 0.22 0.30 0.54 0.72 0.34 0.57 0.99 0.97 0.74 0.88 0.76 0.74 0.09 0.62 0.92 0.09 0.45 0.24 0.76 0.85 0.44 0.24 0.45 0.78 0.45 0.39 0.33 0.88 0.60 0.22 0.09 0.19 0.90 0.24 0.23 0.72 0.73 0.24 0.18 0.90 0.06 0.53 0.72 0.01 0.60 0.97 0.24 0.46 0.38 0.61 0.71 0.28 0.06 0.66 0.76 0.42 0.22 0.31 0.68 0.68 0.95 ]

δ: 0.01, n: 512
Levels required: 10
log(QP): 1765
⌛(The sorting took:): 8.43:557
Level final: 23/25


Expected:  [ 0.00 0.00 0.01 0.01 0.01 0.02 0.02 0.03 0.03 0.03 0.03 0.03 0.04 0.05 0.06 0.06 0.06 0.06 0.06 0.06 0.06 0.06 0.06 0.06 0.07 0.07 0.08 0.08 0.08 0.08 0.09 0.09 0.09 0.09 0.09 0.09 0.09 0.10 0.10 0.10 0.10 0.10 0.10 0.10 0.10 0.10 0.10 0.10 0.10 0.10 0.10 0.10 0.10 0.11 0.11 0.11 0.11 0.11 0.12 0.12 0.12 0.12 0.12 0.12 0.13 0.13 0.13 0.13 0.14 0.14 0.14 0.14 0.15 0.15 0.15 0.15 0.15 0.15 0.15 0.15 0.15 0.16 0.16 0.16 0.16 0.16 0.16 0.16 0.16 0.16 0.16 0.16 0.16 0.17 0.17 0.17 0.17 0.18 0.18 0.18 0.18 0.18 0.18 0.18 0.19 0.20 0.20 0.21 0.21 0.21 0.21 0.21 0.22 0.22 0.22 0.23 0.23 0.23 0.23 0.23 0.23 0.23 0.23 0.23 0.23 0.23 0.23 0.23 0.23 0.24 0.25 0.25 0.25 0.26 0.26 0.26 0.26 0.26 0.26 0.27 0.27 0.27 0.28 0.28 0.28 0.28 0.28 0.28 0.28 0.28 0.28 0.28 0.28 0.29 0.29 0.29 0.29 0.30 0.31 0.31 0.31 0.31 0.31 0.31 0.31 0.32 0.32 0.33 0.34 0.34 0.34 0.34 0.35 0.35 0.35 0.36 0.36 0.36 0.36 0.36 0.36 0.36 0.36 0.37 0.37 0.37 0.37 0.37 0.37 0.37 0.38 0.39 0.39 0.39 0.40 0.40 0.40 0.40 0.41 0.41 0.41 0.41 0.42 0.42 0.42 0.42 0.42 0.42 0.42 0.42 0.42 0.42 0.42 0.42 0.42 0.43 0.43 0.43 0.43 0.43 0.43 0.43 0.43 0.43 0.43 0.44 0.44 0.44 0.45 0.46 0.47 0.48 0.48 0.48 0.48 0.48 0.48 0.48 0.48 0.48 0.48 0.49 0.49 0.49 0.49 0.50 0.50 0.50 0.51 0.51 0.51 0.51 0.51 0.51 0.51 0.51 0.51 0.51 0.52 0.52 0.53 0.53 0.54 0.54 0.54 0.54 0.54 0.54 0.54 0.55 0.55 0.55 0.56 0.56 0.56 0.56 0.56 0.56 0.56 0.56 0.56 0.56 0.56 0.56 0.56 0.56 0.57 0.57 0.57 0.57 0.57 0.57 0.57 0.57 0.57 0.57 0.57 0.57 0.57 0.57 0.57 0.57 0.57 0.57 0.57 0.58 0.58 0.59 0.59 0.59 0.59 0.59 0.59 0.59 0.59 0.59 0.59 0.60 0.60 0.60 0.61 0.61 0.62 0.62 0.63 0.63 0.63 0.64 0.64 0.64 0.64 0.65 0.65 0.65 0.65 0.65 0.65 0.65 0.65 0.65 0.65 0.65 0.65 0.66 0.66 0.66 0.66 0.66 0.67 0.67 0.67 0.67 0.67 0.67 0.67 0.67 0.68 0.68 0.68 0.68 0.68 0.68 0.68 0.68 0.68 0.68 0.68 0.68 0.68 0.68 0.68 0.68 0.68 0.68 0.69 0.69 0.70 0.70 0.70 0.70 0.70 0.70 0.71 0.71 0.71 0.71 0.71 0.71 0.71 0.71 0.72 0.72 0.72 0.72 0.72 0.72 0.72 0.72 0.72 0.72 0.72 0.72 0.72 0.72 0.73 0.73 0.74 0.74 0.74 0.74 0.74 0.74 0.75 0.75 0.75 0.76 0.76 0.76 0.77 0.77 0.78 0.78 0.78 0.78 0.79 0.79 0.79 0.79 0.80 0.81 0.81 0.81 0.81 0.81 0.81 0.81 0.81 0.81 0.81 0.81 0.81 0.81 0.81 0.81 0.81 0.82 0.82 0.82 0.82 0.83 0.83 0.84 0.84 0.84 0.84 0.85 0.85 0.85 0.85 0.86 0.86 0.86 0.86 0.86 0.86 0.86 0.86 0.86 0.86 0.87 0.87 0.87 0.87 0.87 0.87 0.87 0.87 0.87 0.87 0.88 0.88 0.88 0.89 0.89 0.89 0.89 0.89 0.89 0.89 0.90 0.90 0.90 0.90 0.90 0.90 0.90 0.90 0.91 0.91 0.91 0.92 0.92 0.92 0.92 0.92 0.93 0.94 0.94 0.94 0.94 0.94 0.94 ]

Obtained:  [ -0.00 0.00 0.01 0.01 0.01 0.02 0.02 0.03 0.03 0.03 0.03 0.03 0.04 0.05 0.05 0.05 0.05 0.06 0.06 0.06 0.06 0.06 0.06 0.06 0.06 0.07 0.07 0.07 0.08 0.08 0.08 0.08 0.09 0.09 0.09 0.09 0.10 0.10 0.10 0.10 0.10 0.10 0.10 0.10 0.10 0.10 0.10 0.11 0.10 0.11 0.11 0.11 0.11 0.11 0.11 0.11 0.11 0.12 0.12 0.12 0.12 0.12 0.12 0.13 0.13 0.13 0.13 0.13 0.14 0.14 0.14 0.14 0.15 0.15 0.15 0.15 0.15 0.15 0.15 0.15 0.15 0.16 0.16 0.16 0.16 0.16 0.16 0.16 0.16 0.16 0.16 0.16 0.17 0.17 0.17 0.17 0.17 0.18 0.18 0.18 0.18 0.18 0.18 0.18 0.19 0.20 0.20 0.21 0.21 0.21 0.21 0.21 0.22 0.22 0.22 0.22 0.22 0.23 0.23 0.23 0.23 0.23 0.23 0.23 0.23 0.23 0.23 0.23 0.23 0.24 0.24 0.25 0.25 0.25 0.25 0.26 0.26 0.26 0.26 0.26 0.27 0.27 0.27 0.27 0.27 0.27 0.27 0.28 0.27 0.28 0.28 0.28 0.28 0.28 0.29 0.29 0.29 0.30 0.31 0.31 0.31 0.31 0.31 0.32 0.32 0.32 0.32 0.33 0.34 0.34 0.34 0.34 0.35 0.35 0.35 0.36 0.36 0.36 0.36 0.36 0.36 0.36 0.36 0.37 0.37 0.37 0.37 0.37 0.37 0.37 0.38 0.39 0.39 0.39 0.40 0.40 0.40 0.40 0.41 0.41 0.41 0.41 0.41 0.41 0.41 0.42 0.42 0.42 0.42 0.42 0.42 0.42 0.42 0.42 0.42 0.42 0.42 0.43 0.43 0.43 0.43 0.43 0.43 0.43 0.43 0.43 0.44 0.44 0.45 0.46 0.47 0.47 0.47 0.47 0.47 0.48 0.48 0.48 0.48 0.48 0.49 0.49 0.49 0.49 0.50 0.50 0.50 0.51 0.51 0.51 0.51 0.51 0.51 0.51 0.51 0.52 0.51 0.52 0.52 0.52 0.53 0.53 0.54 0.54 0.54 0.54 0.54 0.54 0.54 0.55 0.55 0.55 0.55 0.56 0.56 0.56 0.56 0.56 0.56 0.56 0.56 0.56 0.56 0.56 0.56 0.56 0.56 0.57 0.56 0.57 0.57 0.57 0.57 0.57 0.57 0.57 0.57 0.57 0.57 0.57 0.57 0.57 0.57 0.57 0.57 0.58 0.58 0.58 0.59 0.59 0.59 0.59 0.59 0.59 0.59 0.59 0.59 0.60 0.60 0.60 0.61 0.61 0.62 0.62 0.62 0.63 0.63 0.63 0.64 0.64 0.64 0.64 0.64 0.64 0.64 0.65 0.64 0.65 0.65 0.65 0.65 0.65 0.65 0.65 0.65 0.66 0.66 0.66 0.66 0.67 0.67 0.67 0.67 0.68 0.68 0.68 0.68 0.68 0.68 0.68 0.68 0.68 0.68 0.68 0.68 0.68 0.68 0.69 0.68 0.69 0.69 0.69 0.69 0.69 0.69 0.69 0.70 0.70 0.70 0.70 0.70 0.71 0.71 0.71 0.71 0.71 0.71 0.71 0.71 0.72 0.72 0.72 0.72 0.72 0.72 0.72 0.72 0.72 0.72 0.72 0.72 0.72 0.72 0.73 0.73 0.73 0.74 0.74 0.74 0.74 0.74 0.74 0.75 0.75 0.75 0.76 0.76 0.76 0.77 0.77 0.78 0.78 0.78 0.78 0.79 0.79 0.79 0.79 0.80 0.80 0.80 0.80 0.80 0.81 0.81 0.81 0.81 0.81 0.81 0.81 0.81 0.81 0.81 0.81 0.81 0.81 0.82 0.82 0.82 0.82 0.83 0.83 0.83 0.84 0.84 0.84 0.84 0.85 0.85 0.85 0.85 0.85 0.86 0.86 0.86 0.86 0.86 0.87 0.87 0.87 0.87 0.87 0.87 0.87 0.87 0.88 0.87 0.88 0.88 0.88 0.88 0.88 0.89 0.89 0.89 0.89 0.89 0.90 0.90 0.90 0.90 0.90 0.90 0.90 0.90 0.90 0.91 0.91 0.91 0.91 0.92 0.92 0.92 0.92 0.92 0.93 0.94 0.94 0.94 0.94 0.94 0.94 ]

Corrects (up to 0.01): [1;32m512[0m/[1;32m512[0m
Precision bits: [1;32m7.33[0m, inputs: 128
Selected sorting type: Network-based

Ciphertext: 
[ 0.84 0.18 0.21 0.52 0.01 0.09 0.83 0.97 0.39 0.81 0.31 0.65 0.14 0.11 0.89 0.96 0.83 0.47 0.00 0.63 0.92 0.72 0.39 0.72 0.30 0.18 0.24 0.39 0.02 0.52 0.62 0.43 0.08 0.57 0.54 0.73 0.30 0.21 0.51 0.38 0.39 0.63 0.30 0.03 0.72 0.54 0.72 0.08 0.79 0.85 0.98 0.50 0.76 0.39 0.47 0.00 0.80 0.04 0.21 0.09 0.69 0.48 0.86 0.63 0.67 0.48 0.09 0.14 0.20 0.04 0.00 0.51 0.85 0.01 0.61 0.80 0.58 0.72 0.58 0.00 0.66 0.94 0.87 0.63 0.21 0.83 0.50 0.72 0.96 0.35 0.98 0.86 0.97 0.54 0.99 0.95 0.85 0.23 0.32 0.53 0.08 0.97 0.27 0.92 0.08 0.57 0.67 0.76 0.40 0.58 0.86 0.69 0.84 0.97 0.15 0.21 0.79 0.18 0.69 0.97 0.06 0.24 0.29 0.24 0.96 0.93 0.14 0.35 0.15 0.82 0.24 0.48 0.45 0.30 0.76 0.62 0.27 0.72 0.18 0.63 0.52 0.73 0.17 0.58 0.24 0.57 0.43 0.83 0.82 0.07 0.66 0.09 0.78 0.21 0.57 0.19 0.23 0.04 0.48 0.69 0.85 0.32 0.31 0.62 0.12 0.58 0.93 0.96 0.45 0.93 0.57 0.25 0.61 0.03 0.89 0.48 0.47 0.30 0.96 0.11 0.47 0.05 0.14 0.04 0.65 0.93 0.53 0.52 0.33 0.29 0.21 0.15 0.18 0.68 0.06 0.48 0.63 0.76 0.02 0.03 0.62 0.48 0.09 0.25 0.57 0.40 0.48 0.69 0.32 0.25 0.07 0.59 0.11 0.70 0.24 0.66 0.72 0.66 0.69 0.48 0.00 0.92 0.83 0.99 0.16 0.54 0.38 0.27 0.48 0.04 0.67 0.89 0.92 0.53 0.92 0.32 0.99 0.69 0.47 0.08 0.08 0.72 0.75 0.21 0.39 0.73 0.65 0.61 0.96 0.72 0.50 0.72 0.48 0.55 0.85 0.21 0.63 0.00 0.87 0.69 0.03 0.93 0.62 0.50 0.65 0.45 0.69 0.63 0.92 0.59 0.31 0.87 0.33 0.21 0.64 0.25 0.72 0.72 0.68 0.85 0.77 0.67 0.92 0.28 0.05 0.87 0.14 0.21 0.11 0.62 0.39 0.53 0.35 0.48 0.76 0.62 0.72 0.32 0.12 0.62 0.97 0.07 0.44 0.72 0.33 0.00 0.26 0.48 0.62 0.91 0.96 0.58 0.96 0.99 0.58 0.79 0.00 0.01 0.89 0.33 0.27 0.82 0.93 0.66 0.30 0.15 0.93 0.77 0.72 0.76 0.53 0.58 0.86 0.48 0.48 0.24 0.97 0.51 0.25 0.23 0.14 0.13 0.80 0.65 0.76 0.81 0.88 0.56 0.27 0.21 0.50 0.72 0.24 0.39 0.72 0.95 0.94 0.67 0.57 0.63 0.78 0.63 0.72 0.34 0.65 0.21 0.57 0.48 0.60 0.33 0.97 0.39 0.76 0.04 0.18 0.53 0.50 0.48 0.47 0.32 0.96 0.63 0.10 0.15 0.85 0.25 0.56 0.03 0.47 0.32 0.25 0.01 0.29 0.20 0.48 0.67 0.26 0.51 0.47 0.25 0.18 0.96 0.23 0.16 0.48 0.91 0.94 0.93 0.06 0.53 0.15 0.77 0.08 0.69 0.95 0.58 0.72 0.72 0.97 0.48 0.66 0.91 0.57 0.63 0.68 0.93 0.24 0.09 0.00 0.82 0.72 0.59 0.78 0.30 0.09 0.22 0.25 0.58 0.30 0.72 0.13 0.40 0.85 0.25 0.58 0.93 0.11 0.72 0.83 0.55 0.20 0.65 0.24 0.00 0.09 0.72 0.47 0.72 0.25 0.32 0.30 0.12 0.04 0.90 0.72 0.31 0.15 0.96 0.88 0.97 0.63 0.54 0.97 0.62 0.62 0.92 0.25 0.24 0.39 0.27 0.62 0.14 0.08 0.40 0.24 0.77 0.15 0.14 0.92 0.32 0.21 0.99 0.78 0.03 0.53 0.63 0.39 0.77 0.55 0.82 0.97 0.47 0.48 0.57 0.14 0.32 0.62 0.08 0.72 0.76 0.25 0.91 0.59 0.50 0.12 0.93 0.32 0.78 0.43 0.06 0.85 0.97 0.97 0.52 0.54 0.30 0.00 0.47 0.53 0.65 0.73 0.48 0.72 0.30 0.30 0.00 0.53 0.01 0.62 0.20 0.14 0.62 0.76 0.30 0.24 0.62 0.97 0.72 0.23 0.74 0.08 0.32 0.72 0.96 0.04 0.72 0.26 0.47 0.85 0.12 0.56 0.77 0.27 0.24 0.52 0.77 0.14 0.91 0.23 0.05 0.15 0.30 0.05 0.45 0.58 0.53 0.52 0.10 0.08 0.99 0.21 0.62 0.53 0.87 0.07 0.21 0.76 0.76 0.72 0.01 0.31 0.27 0.82 0.20 0.80 0.08 0.07 0.63 0.36 0.30 0.53 0.98 0.23 0.06 0.99 0.72 0.65 0.96 0.72 0.00 0.29 0.66 0.62 0.50 0.30 0.09 0.89 0.30 0.58 0.31 0.23 0.79 0.58 0.39 0.08 0.65 0.47 0.90 0.16 0.53 0.91 0.72 0.46 0.39 0.16 0.06 0.40 0.32 0.30 0.32 0.58 0.32 0.30 0.25 0.62 0.24 0.32 0.30 0.58 0.30 0.23 0.03 0.50 0.76 0.93 0.39 0.95 0.50 0.97 0.29 0.93 0.33 0.24 0.92 0.50 0.21 0.17 0.52 0.77 0.21 0.21 0.21 0.32 0.92 0.27 0.58 0.72 0.87 0.04 0.73 0.32 0.30 0.65 0.30 0.14 0.72 0.53 0.62 0.96 0.33 0.14 0.96 0.76 0.00 0.13 0.48 0.14 0.97 0.90 0.50 0.71 0.84 0.63 0.53 0.35 0.20 0.07 0.50 0.72 0.92 0.07 0.08 0.21 0.14 0.80 0.08 0.91 0.21 0.08 0.72 0.90 0.30 0.32 0.32 0.96 0.48 0.72 0.49 0.87 0.70 0.67 0.92 0.48 0.63 0.97 0.39 0.80 0.72 0.88 0.14 0.66 0.21 0.24 0.25 0.50 0.84 0.67 0.04 0.89 0.76 0.47 0.10 0.23 0.15 0.61 0.63 0.16 0.23 0.58 0.91 0.73 0.58 0.08 0.62 0.07 0.96 0.47 0.17 0.73 0.78 0.24 0.40 0.58 0.52 0.13 0.27 0.46 0.93 0.62 0.85 0.22 0.35 0.40 0.62 0.21 0.14 0.62 0.27 0.25 0.08 0.64 0.99 0.57 0.00 0.87 0.61 0.38 0.27 0.80 0.21 0.12 0.58 0.46 0.27 0.14 0.83 0.97 0.72 0.30 0.96 0.06 0.76 0.42 0.72 0.29 0.18 0.48 0.72 0.61 0.77 0.57 0.64 0.30 0.24 0.88 0.12 0.18 0.52 0.21 0.89 0.10 0.32 0.21 0.31 0.63 0.32 0.96 0.83 0.24 0.97 0.33 0.21 0.15 0.30 0.96 0.53 0.27 0.92 0.74 0.26 0.73 0.93 0.37 0.39 0.65 0.96 0.63 0.07 0.31 0.16 0.23 0.87 0.30 0.73 0.29 0.93 0.65 0.21 0.55 0.72 0.25 0.62 0.93 0.72 0.21 0.36 0.53 0.67 0.65 0.38 0.21 0.92 0.99 0.25 0.07 0.10 0.77 0.52 0.67 0.32 0.92 0.61 0.79 0.65 0.05 0.58 0.92 0.96 0.77 0.76 0.40 0.39 0.62 0.06 0.88 0.62 0.08 0.63 0.48 0.05 0.92 0.47 0.08 0.13 0.95 0.40 0.92 0.72 0.14 0.63 0.41 0.40 0.95 0.30 0.21 0.79 0.48 0.15 0.72 0.72 0.30 0.46 0.23 0.15 0.01 0.52 0.72 0.22 0.16 0.71 0.05 0.21 0.40 0.97 0.59 0.00 0.24 0.00 0.46 0.14 0.99 0.48 0.30 0.23 0.25 0.92 0.72 0.13 0.77 0.14 0.32 0.96 0.76 0.85 0.00 0.05 0.61 0.30 0.53 0.09 0.06 0.08 0.06 0.94 0.62 0.76 0.32 0.85 0.76 0.62 0.88 0.08 0.32 0.27 0.32 0.76 0.06 0.30 0.55 0.76 0.49 0.77 0.32 0.47 0.30 0.47 0.97 0.57 0.76 0.48 0.77 0.93 0.58 0.30 0.29 0.78 0.88 0.09 0.31 0.25 0.21 0.29 0.73 0.54 0.24 0.63 0.07 0.53 0.96 0.96 0.21 0.22 0.92 0.53 ]

δ: 0.01, n: 1024
Levels required: 10
log(QP): 1765
⌛(The sorting took:): 10.56:913
Level final: 23/25


Expected:  [ 0.00 0.00 0.00 0.00 0.00 0.00 0.00 0.00 0.00 0.00 0.00 0.00 0.00 0.00 0.00 0.00 0.00 0.00 0.01 0.01 0.01 0.01 0.01 0.01 0.01 0.02 0.02 0.03 0.03 0.03 0.03 0.03 0.03 0.03 0.04 0.04 0.04 0.04 0.04 0.04 0.04 0.04 0.04 0.04 0.05 0.05 0.05 0.05 0.05 0.05 0.05 0.05 0.06 0.06 0.06 0.06 0.06 0.06 0.06 0.06 0.06 0.06 0.06 0.07 0.07 0.07 0.07 0.07 0.07 0.07 0.07 0.07 0.07 0.07 0.08 0.08 0.08 0.08 0.08 0.08 0.08 0.08 0.08 0.08 0.08 0.08 0.08 0.08 0.08 0.08 0.08 0.08 0.08 0.08 0.08 0.08 0.09 0.09 0.09 0.09 0.09 0.09 0.09 0.09 0.09 0.09 0.09 0.09 0.09 0.09 0.09 0.09 0.10 0.10 0.10 0.10 0.10 0.11 0.11 0.11 0.11 0.11 0.11 0.11 0.12 0.12 0.12 0.12 0.12 0.12 0.13 0.13 0.13 0.13 0.13 0.13 0.13 0.13 0.13 0.13 0.13 0.13 0.13 0.13 0.13 0.13 0.13 0.13 0.13 0.13 0.13 0.14 0.14 0.14 0.14 0.14 0.14 0.14 0.14 0.14 0.14 0.14 0.14 0.14 0.15 0.15 0.15 0.15 0.15 0.15 0.15 0.16 0.16 0.16 0.17 0.17 0.17 0.17 0.17 0.17 0.17 0.17 0.17 0.18 0.19 0.19 0.19 0.19 0.19 0.19 0.20 0.20 0.20 0.20 0.20 0.20 0.20 0.20 0.20 0.20 0.20 0.20 0.20 0.20 0.20 0.20 0.20 0.20 0.20 0.20 0.20 0.20 0.20 0.20 0.20 0.20 0.20 0.20 0.20 0.20 0.20 0.20 0.20 0.20 0.20 0.21 0.21 0.21 0.21 0.22 0.22 0.22 0.22 0.22 0.22 0.22 0.22 0.22 0.22 0.22 0.22 0.22 0.22 0.23 0.23 0.23 0.23 0.23 0.23 0.23 0.23 0.23 0.23 0.23 0.23 0.23 0.23 0.23 0.23 0.23 0.23 0.23 0.23 0.23 0.23 0.24 0.24 0.24 0.24 0.24 0.24 0.24 0.24 0.24 0.24 0.24 0.24 0.24 0.24 0.24 0.24 0.24 0.24 0.24 0.24 0.25 0.25 0.25 0.25 0.26 0.26 0.26 0.26 0.26 0.26 0.26 0.26 0.26 0.26 0.26 0.26 0.26 0.26 0.26 0.27 0.28 0.28 0.28 0.28 0.28 0.28 0.28 0.28 0.28 0.29 0.29 0.29 0.29 0.29 0.29 0.29 0.29 0.29 0.29 0.29 0.29 0.29 0.29 0.29 0.29 0.29 0.29 0.29 0.29 0.29 0.29 0.29 0.29 0.29 0.29 0.29 0.29 0.29 0.29 0.29 0.29 0.29 0.29 0.29 0.29 0.29 0.29 0.29 0.29 0.29 0.29 0.29 0.29 0.30 0.30 0.30 0.30 0.30 0.30 0.30 0.30 0.30 0.30 0.30 0.30 0.30 0.30 0.30 0.30 0.30 0.30 0.30 0.30 0.30 0.30 0.30 0.30 0.30 0.30 0.30 0.30 0.31 0.31 0.31 0.31 0.31 0.31 0.31 0.31 0.32 0.33 0.33 0.33 0.33 0.33 0.34 0.34 0.35 0.36 0.36 0.36 0.36 0.37 0.37 0.37 0.37 0.37 0.37 0.37 0.37 0.37 0.37 0.37 0.37 0.37 0.37 0.37 0.37 0.37 0.38 0.38 0.38 0.38 0.38 0.38 0.38 0.38 0.38 0.38 0.38 0.39 0.40 0.41 0.41 0.41 0.42 0.43 0.43 0.43 0.43 0.44 0.44 0.44 0.44 0.44 0.45 0.45 0.45 0.45 0.45 0.45 0.45 0.45 0.45 0.45 0.45 0.45 0.45 0.45 0.45 0.45 0.45 0.45 0.46 0.46 0.46 0.46 0.46 0.46 0.46 0.46 0.46 0.46 0.46 0.46 0.46 0.46 0.46 0.46 0.46 0.46 0.46 0.46 0.46 0.46 0.46 0.46 0.46 0.46 0.46 0.46 0.46 0.46 0.47 0.47 0.48 0.48 0.48 0.48 0.48 0.48 0.48 0.48 0.48 0.48 0.48 0.48 0.48 0.48 0.48 0.48 0.48 0.48 0.49 0.49 0.49 0.49 0.49 0.49 0.49 0.49 0.49 0.49 0.49 0.49 0.50 0.50 0.50 0.50 0.50 0.50 0.50 0.50 0.50 0.50 0.50 0.50 0.50 0.50 0.50 0.50 0.50 0.50 0.50 0.50 0.50 0.51 0.51 0.51 0.51 0.51 0.51 0.51 0.52 0.52 0.52 0.52 0.52 0.53 0.53 0.53 0.54 0.54 0.54 0.54 0.54 0.54 0.54 0.54 0.54 0.54 0.54 0.54 0.54 0.55 0.55 0.55 0.55 0.55 0.55 0.55 0.55 0.55 0.55 0.55 0.55 0.55 0.55 0.55 0.55 0.55 0.55 0.55 0.55 0.55 0.55 0.55 0.56 0.56 0.56 0.56 0.56 0.57 0.58 0.58 0.58 0.58 0.58 0.58 0.58 0.58 0.59 0.59 0.59 0.59 0.59 0.59 0.59 0.59 0.59 0.59 0.59 0.59 0.59 0.59 0.59 0.59 0.59 0.59 0.59 0.59 0.59 0.59 0.59 0.59 0.59 0.59 0.59 0.59 0.59 0.60 0.60 0.60 0.60 0.60 0.60 0.60 0.60 0.60 0.60 0.60 0.60 0.60 0.60 0.60 0.60 0.60 0.60 0.60 0.60 0.60 0.60 0.60 0.61 0.61 0.61 0.62 0.62 0.62 0.62 0.62 0.62 0.62 0.62 0.62 0.62 0.62 0.62 0.62 0.62 0.62 0.63 0.63 0.63 0.63 0.63 0.63 0.63 0.63 0.64 0.64 0.64 0.64 0.64 0.64 0.64 0.64 0.64 0.64 0.65 0.65 0.65 0.66 0.66 0.66 0.66 0.66 0.66 0.66 0.66 0.66 0.66 0.67 0.67 0.67 0.67 0.68 0.68 0.68 0.68 0.68 0.68 0.68 0.68 0.68 0.68 0.68 0.68 0.68 0.68 0.68 0.68 0.68 0.68 0.68 0.68 0.68 0.68 0.68 0.68 0.68 0.68 0.68 0.68 0.68 0.68 0.68 0.68 0.68 0.68 0.68 0.68 0.68 0.68 0.68 0.68 0.68 0.68 0.68 0.68 0.68 0.68 0.68 0.68 0.68 0.68 0.68 0.68 0.69 0.69 0.69 0.69 0.69 0.69 0.69 0.69 0.69 0.69 0.70 0.70 0.71 0.72 0.72 0.72 0.72 0.72 0.72 0.72 0.72 0.72 0.72 0.72 0.72 0.72 0.72 0.72 0.72 0.72 0.72 0.72 0.72 0.72 0.72 0.72 0.73 0.73 0.73 0.73 0.73 0.73 0.73 0.73 0.73 0.73 0.73 0.73 0.73 0.73 0.74 0.74 0.74 0.74 0.74 0.74 0.74 0.75 0.75 0.75 0.75 0.75 0.75 0.76 0.76 0.76 0.76 0.76 0.76 0.76 0.77 0.77 0.78 0.78 0.78 0.78 0.78 0.78 0.79 0.79 0.79 0.79 0.79 0.79 0.79 0.79 0.80 0.80 0.80 0.80 0.81 0.81 0.81 0.81 0.81 0.81 0.81 0.81 0.81 0.81 0.81 0.81 0.81 0.82 0.82 0.82 0.82 0.83 0.83 0.83 0.83 0.83 0.83 0.83 0.83 0.83 0.84 0.84 0.84 0.84 0.84 0.84 0.84 0.85 0.85 0.85 0.85 0.85 0.85 0.85 0.86 0.86 0.86 0.86 0.86 0.86 0.86 0.86 0.86 0.86 0.86 0.86 0.87 0.87 0.87 0.87 0.87 0.87 0.87 0.87 0.87 0.87 0.87 0.87 0.87 0.87 0.87 0.87 0.87 0.87 0.87 0.87 0.87 0.88 0.88 0.88 0.88 0.88 0.88 0.88 0.88 0.88 0.88 0.88 0.88 0.88 0.88 0.88 0.88 0.88 0.88 0.89 0.89 0.89 0.89 0.90 0.90 0.90 0.90 0.90 0.90 0.91 0.91 0.91 0.91 0.91 0.91 0.91 0.91 0.91 0.91 0.91 0.91 0.91 0.91 0.91 0.91 0.91 0.91 0.91 0.91 0.91 0.91 0.91 0.91 0.91 0.92 0.92 0.92 0.92 0.92 0.92 0.92 0.92 0.92 0.92 0.92 0.92 0.92 0.92 0.92 0.92 0.92 0.92 0.92 0.92 0.92 0.92 0.93 0.93 0.93 0.94 0.94 0.94 0.94 0.94 0.94 0.94 0.94 0.94 0.94 ]

Obtained:  [ -0.01 -0.00 -0.00 -0.00 -0.00 -0.00 -0.00 0.00 -0.00 -0.00 -0.00 0.00 -0.00 0.00 0.00 0.00 0.00 0.00 0.01 0.01 0.01 0.01 0.01 0.01 0.01 0.02 0.02 0.02 0.03 0.03 0.03 0.03 0.03 0.03 0.03 0.04 0.03 0.04 0.04 0.04 0.04 0.04 0.04 0.04 0.04 0.04 0.05 0.05 0.05 0.05 0.05 0.05 0.05 0.05 0.05 0.06 0.05 0.06 0.06 0.06 0.06 0.06 0.06 0.06 0.06 0.06 0.06 0.07 0.07 0.07 0.07 0.07 0.07 0.07 0.07 0.07 0.07 0.07 0.07 0.07 0.07 0.07 0.07 0.08 0.07 0.08 0.08 0.08 0.08 0.08 0.08 0.08 0.08 0.08 0.08 0.08 0.08 0.08 0.08 0.08 0.08 0.09 0.09 0.09 0.09 0.09 0.09 0.09 0.09 0.09 0.10 0.10 0.10 0.10 0.10 0.11 0.11 0.11 0.11 0.11 0.11 0.11 0.12 0.12 0.12 0.12 0.12 0.12 0.12 0.13 0.13 0.13 0.13 0.13 0.13 0.13 0.13 0.13 0.13 0.13 0.13 0.13 0.13 0.14 0.13 0.13 0.13 0.14 0.14 0.14 0.14 0.14 0.14 0.14 0.14 0.14 0.14 0.14 0.14 0.14 0.14 0.14 0.14 0.15 0.15 0.15 0.15 0.15 0.15 0.15 0.15 0.16 0.16 0.16 0.17 0.17 0.17 0.17 0.17 0.17 0.17 0.17 0.17 0.18 0.19 0.19 0.19 0.19 0.19 0.19 0.19 0.19 0.19 0.19 0.19 0.20 0.19 0.20 0.20 0.20 0.20 0.20 0.20 0.20 0.20 0.20 0.20 0.20 0.20 0.20 0.20 0.20 0.20 0.20 0.20 0.20 0.20 0.20 0.20 0.20 0.20 0.20 0.20 0.21 0.20 0.21 0.21 0.21 0.21 0.21 0.21 0.22 0.21 0.22 0.22 0.22 0.22 0.22 0.22 0.22 0.22 0.22 0.22 0.22 0.22 0.22 0.22 0.23 0.22 0.23 0.23 0.23 0.23 0.23 0.23 0.23 0.23 0.23 0.23 0.23 0.23 0.23 0.23 0.23 0.23 0.23 0.23 0.23 0.23 0.23 0.23 0.24 0.23 0.24 0.24 0.24 0.24 0.24 0.24 0.24 0.24 0.24 0.24 0.24 0.24 0.24 0.24 0.25 0.25 0.25 0.25 0.25 0.25 0.25 0.25 0.26 0.25 0.26 0.26 0.26 0.26 0.26 0.26 0.26 0.27 0.27 0.27 0.27 0.27 0.28 0.28 0.28 0.28 0.28 0.28 0.28 0.28 0.28 0.28 0.28 0.28 0.28 0.28 0.28 0.28 0.28 0.28 0.29 0.28 0.28 0.28 0.29 0.28 0.29 0.29 0.29 0.28 0.29 0.29 0.29 0.29 0.29 0.29 0.29 0.29 0.29 0.29 0.29 0.29 0.29 0.29 0.29 0.29 0.29 0.29 0.30 0.30 0.30 0.30 0.30 0.30 0.30 0.30 0.30 0.30 0.30 0.30 0.30 0.30 0.30 0.30 0.30 0.30 0.30 0.30 0.31 0.30 0.31 0.31 0.31 0.31 0.31 0.31 0.31 0.31 0.31 0.31 0.31 0.31 0.31 0.31 0.31 0.31 0.32 0.32 0.33 0.33 0.33 0.33 0.33 0.34 0.34 0.35 0.36 0.36 0.36 0.36 0.37 0.37 0.37 0.37 0.37 0.37 0.37 0.37 0.37 0.37 0.37 0.37 0.37 0.37 0.37 0.37 0.38 0.37 0.38 0.38 0.38 0.38 0.38 0.38 0.38 0.38 0.38 0.38 0.39 0.40 0.41 0.41 0.41 0.42 0.42 0.43 0.43 0.43 0.43 0.44 0.44 0.44 0.44 0.44 0.44 0.44 0.44 0.44 0.45 0.44 0.45 0.45 0.45 0.45 0.45 0.45 0.45 0.45 0.45 0.45 0.45 0.45 0.45 0.45 0.45 0.45 0.45 0.45 0.45 0.45 0.45 0.45 0.46 0.45 0.45 0.45 0.46 0.45 0.46 0.46 0.46 0.46 0.46 0.46 0.46 0.46 0.46 0.46 0.46 0.46 0.46 0.46 0.47 0.47 0.47 0.47 0.47 0.47 0.47 0.47 0.48 0.47 0.48 0.48 0.48 0.48 0.48 0.48 0.48 0.48 0.49 0.49 0.49 0.49 0.49 0.49 0.49 0.49 0.49 0.49 0.50 0.50 0.50 0.50 0.50 0.50 0.50 0.50 0.50 0.50 0.50 0.50 0.50 0.50 0.50 0.50 0.51 0.50 0.51 0.51 0.51 0.51 0.51 0.51 0.51 0.51 0.51 0.51 0.51 0.51 0.52 0.52 0.52 0.52 0.52 0.52 0.53 0.53 0.53 0.54 0.54 0.54 0.54 0.54 0.54 0.54 0.54 0.54 0.54 0.54 0.54 0.54 0.55 0.54 0.55 0.55 0.55 0.55 0.55 0.55 0.55 0.55 0.55 0.55 0.55 0.55 0.55 0.55 0.55 0.55 0.55 0.55 0.56 0.55 0.56 0.56 0.56 0.56 0.56 0.56 0.57 0.58 0.58 0.58 0.58 0.58 0.58 0.58 0.58 0.58 0.58 0.58 0.59 0.58 0.59 0.59 0.59 0.58 0.59 0.59 0.59 0.59 0.59 0.59 0.59 0.59 0.59 0.59 0.59 0.59 0.59 0.59 0.59 0.59 0.59 0.59 0.59 0.59 0.59 0.59 0.60 0.59 0.60 0.60 0.60 0.60 0.60 0.60 0.60 0.60 0.60 0.60 0.60 0.60 0.60 0.60 0.60 0.60 0.60 0.60 0.60 0.61 0.61 0.61 0.61 0.61 0.61 0.61 0.62 0.61 0.62 0.62 0.62 0.62 0.62 0.62 0.62 0.62 0.62 0.62 0.62 0.62 0.63 0.63 0.63 0.63 0.63 0.63 0.63 0.63 0.64 0.64 0.64 0.64 0.64 0.64 0.64 0.64 0.65 0.65 0.65 0.65 0.65 0.65 0.66 0.65 0.66 0.66 0.66 0.66 0.66 0.67 0.67 0.67 0.68 0.68 0.68 0.68 0.68 0.68 0.68 0.68 0.68 0.68 0.68 0.68 0.68 0.68 0.68 0.68 0.68 0.68 0.68 0.68 0.68 0.68 0.68 0.68 0.68 0.68 0.68 0.68 0.68 0.68 0.69 0.68 0.68 0.68 0.69 0.68 0.69 0.69 0.69 0.68 0.69 0.69 0.69 0.69 0.69 0.69 0.69 0.69 0.69 0.69 0.69 0.69 0.69 0.69 0.69 0.69 0.69 0.69 0.69 0.69 0.70 0.70 0.70 0.70 0.71 0.72 0.72 0.72 0.72 0.72 0.72 0.72 0.72 0.72 0.72 0.72 0.72 0.72 0.72 0.72 0.72 0.72 0.73 0.72 0.73 0.73 0.73 0.73 0.73 0.73 0.73 0.73 0.73 0.73 0.73 0.73 0.73 0.73 0.73 0.73 0.73 0.74 0.74 0.74 0.74 0.74 0.74 0.74 0.74 0.75 0.75 0.75 0.75 0.75 0.75 0.76 0.76 0.76 0.76 0.76 0.76 0.76 0.77 0.77 0.78 0.78 0.78 0.78 0.78 0.78 0.78 0.78 0.79 0.79 0.79 0.79 0.79 0.79 0.79 0.80 0.80 0.80 0.80 0.80 0.80 0.80 0.81 0.81 0.81 0.81 0.81 0.81 0.81 0.81 0.81 0.81 0.82 0.82 0.82 0.82 0.82 0.82 0.83 0.83 0.83 0.83 0.83 0.83 0.83 0.83 0.83 0.83 0.84 0.84 0.84 0.84 0.84 0.84 0.85 0.85 0.85 0.85 0.85 0.85 0.86 0.86 0.86 0.86 0.86 0.86 0.87 0.86 0.87 0.87 0.87 0.87 0.87 0.87 0.87 0.87 0.87 0.87 0.87 0.87 0.87 0.87 0.88 0.87 0.88 0.88 0.88 0.88 0.88 0.88 0.88 0.88 0.88 0.88 0.88 0.88 0.88 0.88 0.88 0.88 0.88 0.88 0.89 0.88 0.89 0.89 0.89 0.89 0.89 0.89 0.89 0.89 0.89 0.90 0.90 0.90 0.90 0.90 0.91 0.91 0.91 0.91 0.91 0.91 0.91 0.91 0.91 0.91 0.91 0.91 0.91 0.91 0.91 0.91 0.91 0.91 0.91 0.91 0.92 0.91 0.91 0.91 0.92 0.91 0.92 0.92 0.92 0.92 0.92 0.92 0.92 0.92 0.92 0.92 0.92 0.92 0.92 0.92 0.92 0.92 0.92 0.92 0.93 0.92 0.93 0.93 0.93 0.93 0.93 0.94 0.94 0.94 0.94 0.94 0.94 0.94 0.94 0.94 0.94 ]

Corrects (up to 0.01): [1;32m1024[0m/[1;32m1024[0m
Precision bits: [1;32m7.08[0m, inputs: 128
Selected sorting type: Network-based

Ciphertext: 
[ 0.74 0.90 0.72 0.18 0.31 0.63 0.94 0.87 0.56 0.37 0.63 0.88 0.33 0.48 0.44 0.90 0.33 0.12 0.29 0.90 0.39 0.40 0.18 0.79 0.74 0.57 0.45 0.40 0.20 0.80 0.33 0.74 0.70 0.00 0.99 0.92 0.18 0.94 0.97 0.09 0.28 0.90 0.33 0.00 0.89 0.73 0.27 0.00 0.22 0.47 0.75 0.31 0.03 0.46 0.11 0.47 0.76 0.41 0.40 0.26 0.02 0.73 0.78 0.05 0.89 0.66 0.18 0.44 0.86 0.52 0.46 0.17 0.14 0.49 0.62 0.66 0.49 0.12 0.17 0.27 0.81 0.17 0.16 0.90 0.70 0.83 0.59 0.16 0.24 0.56 0.11 0.99 0.47 0.89 0.06 0.99 0.11 0.05 0.27 0.00 0.70 0.62 0.31 0.90 0.74 0.37 0.31 0.73 0.46 0.33 0.92 0.33 0.00 0.35 0.62 0.26 0.46 0.09 0.70 0.00 0.94 0.49 0.90 0.68 0.76 0.46 0.60 0.49 0.55 0.65 0.46 0.66 0.33 0.51 0.18 0.26 0.81 0.17 0.91 0.49 0.12 0.55 0.24 0.32 0.27 0.76 0.14 0.59 0.33 0.96 0.90 0.62 0.11 0.70 0.81 0.87 0.15 0.11 0.78 0.40 0.00 0.06 0.12 0.96 0.89 0.69 0.76 0.90 0.31 0.77 0.13 0.15 0.90 0.17 0.67 0.20 0.26 0.81 0.49 0.43 0.27 0.78 0.42 0.26 0.55 0.49 0.11 0.44 0.28 0.70 0.99 0.44 0.16 0.62 0.92 0.30 0.55 0.77 0.90 0.18 0.24 0.57 0.71 0.81 0.67 0.06 0.76 0.17 0.16 0.81 0.44 0.12 0.49 0.00 0.06 0.67 0.90 0.86 0.92 0.96 0.73 0.08 0.75 0.35 0.78 0.49 0.62 0.35 0.47 0.58 0.00 0.05 0.81 0.00 0.02 0.89 0.27 0.09 0.50 0.75 0.98 0.90 0.76 0.66 0.15 0.72 0.81 0.67 0.17 0.28 0.81 0.66 0.83 0.78 0.78 0.67 0.28 0.62 0.18 0.70 0.38 0.56 0.06 0.63 0.17 0.76 0.92 0.78 0.71 0.84 0.42 0.46 0.45 0.95 0.73 0.00 0.08 0.46 0.26 0.96 0.60 0.55 0.17 0.49 0.54 0.24 0.44 0.81 0.90 0.44 0.76 0.67 0.17 0.00 0.17 0.14 0.28 0.40 0.11 0.78 0.92 0.18 0.63 0.49 0.68 0.09 0.51 0.33 0.18 0.73 0.30 0.76 0.15 0.91 0.17 0.41 0.84 0.66 0.60 0.67 0.66 0.79 0.12 0.20 0.29 0.05 0.74 0.20 0.90 0.40 0.17 0.11 0.36 0.99 0.48 0.49 0.17 0.76 0.66 0.86 0.31 0.16 0.96 0.80 0.53 0.30 0.76 0.74 0.49 0.81 0.16 0.62 0.91 0.73 0.37 0.18 0.00 0.16 0.90 0.44 0.17 0.96 0.90 0.70 0.90 0.17 0.15 0.00 0.12 0.15 0.84 0.82 0.49 0.20 0.29 0.78 0.74 0.90 0.11 0.46 0.18 0.70 0.99 0.73 0.59 0.90 0.11 0.06 0.63 0.00 0.17 0.09 0.49 0.88 0.49 0.16 0.76 0.90 0.67 0.33 0.70 0.12 0.99 0.58 0.89 0.17 0.44 0.75 0.40 0.49 0.33 0.29 0.76 0.12 0.06 0.66 0.16 0.66 0.85 0.15 0.71 0.46 0.17 0.90 0.14 0.00 0.59 0.15 0.37 0.90 0.90 0.84 0.59 0.40 0.24 0.20 0.00 0.74 0.42 0.53 0.20 0.71 0.90 0.15 0.18 0.06 0.70 0.76 0.73 0.73 0.33 0.62 0.17 0.05 0.76 0.17 0.17 0.78 0.90 0.67 0.32 0.12 0.81 0.29 0.35 0.96 0.71 0.44 0.74 0.92 0.94 0.24 0.78 0.81 0.18 0.75 0.42 0.55 0.90 0.22 0.49 0.71 0.66 0.33 0.70 0.56 0.08 0.81 0.92 0.42 0.18 0.08 0.90 0.00 0.11 0.87 0.35 0.73 0.22 0.81 0.80 0.49 0.44 0.15 0.07 0.09 0.17 0.11 0.76 0.81 0.63 0.62 0.76 0.13 0.28 0.89 0.85 0.49 0.90 0.90 0.70 0.92 0.32 0.48 0.78 0.76 0.17 0.37 0.97 0.96 0.17 0.40 0.90 0.74 0.13 0.92 0.47 0.81 0.84 0.09 0.09 0.92 0.19 0.20 0.46 0.17 0.22 0.96 0.73 0.92 0.00 0.78 0.70 0.62 0.76 0.37 0.09 0.78 0.96 0.56 0.90 0.77 0.30 0.06 0.40 0.40 0.49 0.92 0.16 0.33 0.89 0.70 0.86 0.74 0.11 0.06 0.70 0.64 0.64 0.11 0.60 0.48 0.15 0.76 0.00 0.55 0.37 0.32 0.11 0.26 0.18 0.20 0.17 0.56 0.00 0.62 0.70 0.67 0.98 0.06 0.11 0.76 0.28 0.76 0.06 0.12 0.29 0.40 0.51 0.96 0.76 0.49 0.51 0.70 0.57 0.81 0.90 0.66 0.92 0.76 0.10 0.33 0.37 0.12 0.00 0.97 0.06 0.19 0.17 0.74 0.17 0.57 0.27 0.90 0.62 0.49 0.15 0.74 0.87 0.81 0.03 0.27 0.88 0.40 0.17 0.78 0.33 0.97 0.40 0.05 0.53 0.76 0.18 0.33 0.65 0.73 0.00 0.53 0.14 0.18 0.00 0.49 0.72 0.81 0.28 0.44 0.60 0.18 0.87 0.06 0.46 0.15 0.06 0.56 0.13 0.81 0.97 0.66 0.49 0.70 0.22 0.75 0.45 0.81 0.43 0.31 0.99 0.05 0.32 0.15 0.20 0.46 0.12 0.81 0.35 0.40 0.42 0.06 0.73 0.06 0.27 0.81 0.94 0.17 0.88 0.06 0.14 0.78 0.15 0.79 0.18 0.07 0.70 0.47 0.85 0.74 0.70 0.73 0.51 0.19 0.49 0.16 0.59 0.73 0.62 0.12 0.78 0.12 0.76 0.90 0.17 0.42 0.70 0.92 0.77 0.70 0.47 0.33 0.33 0.26 0.75 0.78 0.44 0.62 0.81 0.49 0.33 0.98 0.17 0.78 0.37 0.16 0.00 0.40 0.18 0.73 0.90 0.89 0.89 0.84 0.81 0.00 0.84 0.03 0.62 0.49 0.31 0.62 0.24 0.37 0.17 0.51 0.15 0.01 0.28 0.76 0.15 0.27 0.57 0.98 0.09 0.40 0.38 0.92 0.81 0.65 0.11 0.19 0.60 0.15 0.76 0.88 0.70 0.92 0.26 0.51 0.90 0.90 0.07 0.85 0.76 0.73 0.00 0.17 0.27 0.44 0.27 0.45 0.94 0.08 0.17 0.63 0.00 0.81 0.59 0.68 0.62 0.92 0.87 0.16 0.84 0.43 0.81 0.81 0.44 0.49 0.94 0.33 0.33 0.92 0.33 0.55 0.67 0.33 0.98 0.81 0.92 0.13 0.62 0.33 0.45 0.24 0.51 0.28 0.90 0.68 0.55 0.90 0.57 0.10 0.68 0.28 0.77 0.90 0.18 0.81 0.50 0.49 0.00 0.09 0.66 0.78 0.86 0.15 0.93 0.35 0.17 0.27 0.17 0.33 0.74 0.78 0.00 0.40 0.06 0.80 0.00 0.86 0.47 0.52 0.36 0.89 0.83 0.49 0.18 0.55 0.48 0.38 0.51 0.00 0.75 0.46 0.49 0.47 0.63 0.30 0.76 0.89 0.20 0.37 0.97 0.75 0.70 0.49 0.06 0.71 0.15 0.00 0.78 0.12 0.75 0.46 0.87 0.70 0.51 0.11 0.62 0.17 0.28 0.49 0.33 0.85 0.96 0.96 0.76 0.66 0.81 0.49 0.90 0.81 0.17 0.92 0.97 0.78 0.17 0.33 0.06 0.78 0.75 0.17 0.83 0.78 0.92 0.03 0.00 0.82 0.33 0.62 0.27 0.87 0.18 0.00 0.62 0.78 0.18 0.93 0.24 0.59 0.72 0.24 0.62 0.46 0.17 0.17 0.32 0.90 0.49 0.35 0.90 0.89 0.63 0.33 0.44 0.74 0.99 0.99 0.66 0.70 0.90 0.52 0.76 0.78 0.08 0.85 0.51 0.11 0.76 0.20 0.47 0.17 0.66 0.71 0.45 0.17 0.32 0.78 0.40 0.06 0.89 0.55 0.80 0.90 0.25 0.37 0.49 0.35 0.44 0.30 0.18 0.67 0.40 0.07 0.40 0.73 0.49 0.44 0.70 0.28 0.31 0.90 0.71 0.18 0.90 0.66 0.90 0.90 0.00 0.33 0.60 0.37 0.67 0.76 0.65 0.47 0.40 0.70 0.62 0.20 0.72 0.74 0.66 0.96 0.16 0.42 0.87 0.37 0.56 0.81 0.27 0.37 0.49 0.15 0.83 0.18 0.51 0.76 0.17 0.99 0.37 0.90 0.76 0.92 0.30 0.78 0.05 0.97 0.33 0.17 0.73 0.76 0.13 0.44 0.33 0.17 0.63 0.00 0.24 0.60 0.40 0.00 0.71 0.27 0.78 0.70 0.12 0.17 0.33 0.44 0.22 0.56 0.51 0.77 0.76 0.83 0.06 0.65 0.29 0.68 0.00 0.92 0.30 0.06 0.70 0.59 0.96 0.00 0.06 0.78 0.42 0.29 0.81 0.78 0.51 0.34 0.06 0.22 0.49 0.96 0.20 0.70 0.17 0.94 0.46 0.32 0.19 0.18 0.30 0.15 0.92 0.49 0.00 0.20 0.27 0.70 0.92 0.00 0.00 0.70 0.81 0.74 0.49 0.66 0.14 0.15 0.78 0.42 0.57 0.65 0.85 0.24 0.90 0.86 0.15 0.78 0.00 0.78 0.81 0.36 0.81 0.27 0.60 0.70 0.67 0.40 0.44 0.00 0.55 0.85 0.92 0.15 0.70 0.30 0.17 0.05 0.18 0.62 0.71 0.70 0.14 0.62 0.18 0.18 0.59 0.66 0.97 0.51 0.70 0.76 0.17 0.09 0.40 0.32 0.16 0.18 0.88 0.66 0.33 0.97 0.09 0.22 0.44 0.76 0.48 0.10 0.66 0.23 0.11 0.26 0.76 0.33 0.92 0.18 0.99 0.12 0.24 0.00 0.27 0.90 0.75 0.46 0.56 0.96 0.83 0.76 0.92 0.76 0.33 0.96 0.40 0.51 0.56 0.56 0.90 0.89 0.69 0.62 0.11 0.16 0.96 0.00 0.00 0.22 0.70 0.96 0.66 0.18 0.81 0.87 0.24 0.20 0.37 0.52 0.62 0.49 0.76 0.71 0.33 0.00 0.62 0.92 0.60 0.54 0.66 0.16 0.76 0.33 0.41 0.90 0.99 0.70 0.96 0.33 0.13 0.94 0.69 0.92 0.11 0.17 0.43 0.27 0.76 0.00 0.00 0.49 0.90 0.79 0.00 0.49 0.00 0.05 0.84 0.77 0.17 0.67 0.70 0.90 0.84 0.45 0.16 0.78 0.76 0.12 0.65 0.75 0.96 0.62 0.13 0.00 0.70 0.78 0.12 0.92 0.03 0.96 0.28 0.90 0.17 0.99 0.40 0.49 0.18 0.23 0.00 0.66 0.33 0.24 0.28 0.06 0.81 0.78 0.76 0.18 0.57 0.33 0.44 0.76 0.36 0.17 0.22 0.62 0.17 0.97 0.47 0.76 0.63 0.24 0.17 0.75 0.62 0.15 0.32 0.81 0.15 0.34 0.15 0.15 0.90 0.81 0.06 0.99 0.85 0.99 0.78 0.27 0.37 0.70 0.33 0.33 0.17 0.41 0.27 0.81 0.57 0.49 0.26 0.78 0.22 0.70 0.90 0.76 0.81 0.89 0.86 0.66 0.27 0.71 0.33 0.56 0.62 0.73 0.20 0.24 0.00 0.11 0.67 0.78 0.44 0.73 0.85 0.74 0.12 0.33 0.76 0.68 0.90 0.92 0.15 0.00 0.93 0.35 0.90 0.48 0.96 0.72 0.70 0.98 0.19 0.90 0.35 0.03 0.60 0.96 0.17 0.29 0.73 0.66 0.70 0.74 0.76 0.68 0.06 0.83 0.76 0.92 0.43 0.84 0.96 0.46 0.16 0.76 0.69 0.75 0.49 0.44 0.17 0.84 0.76 0.90 0.46 0.32 0.24 0.97 0.51 0.49 0.32 0.68 0.81 0.88 0.68 0.90 0.30 0.96 0.74 0.24 0.37 0.92 0.75 0.69 0.06 0.33 0.57 0.81 0.75 0.12 0.97 0.14 0.90 0.46 0.92 0.70 0.76 0.63 0.76 0.44 0.93 0.71 0.67 0.32 0.46 0.76 0.56 0.06 0.06 0.88 0.84 0.32 0.92 0.24 0.70 0.26 0.90 0.90 0.03 0.94 0.52 0.17 0.24 0.33 0.11 0.11 0.57 0.85 0.11 0.18 0.57 0.17 0.26 0.17 0.97 0.49 0.76 0.33 0.81 0.27 0.40 0.81 0.15 0.58 0.15 0.09 0.16 0.86 0.90 0.87 0.06 0.33 0.99 0.88 0.70 0.88 0.56 0.46 0.51 0.64 0.41 0.99 0.87 0.97 0.76 0.87 0.70 0.75 0.73 0.84 0.17 0.10 0.02 0.90 0.74 0.03 0.17 0.67 0.62 0.90 0.27 0.90 0.17 0.35 0.33 0.62 0.71 0.27 0.90 0.00 0.84 0.62 0.63 0.51 0.66 0.81 0.05 0.17 0.17 0.11 0.46 0.28 0.12 0.62 0.04 0.34 0.80 0.92 0.46 0.46 0.00 0.06 0.90 0.05 0.62 0.27 0.06 0.33 0.60 0.83 0.81 0.84 0.03 0.40 0.11 0.33 0.33 0.74 0.76 0.78 0.62 0.55 0.29 0.32 0.40 0.76 0.00 0.35 0.49 0.65 0.90 0.51 0.40 0.44 0.44 0.16 0.78 0.44 0.03 0.43 0.16 0.76 0.44 0.89 0.74 0.78 0.94 0.53 0.40 0.67 0.63 0.18 0.76 0.67 0.41 0.27 0.13 0.00 0.49 0.76 0.22 0.18 0.15 0.33 0.31 0.29 0.16 0.49 0.67 0.19 0.62 0.81 0.79 0.78 0.00 0.31 0.81 0.45 0.33 0.20 0.66 0.33 0.26 0.27 0.76 0.66 0.51 0.11 0.03 0.56 0.16 0.11 0.18 0.32 0.00 0.76 0.17 0.37 0.07 0.73 0.40 0.89 0.17 0.72 0.76 0.90 0.00 0.78 0.30 0.66 0.06 0.18 0.27 0.75 0.13 0.18 0.49 0.32 0.67 0.67 0.46 0.90 0.18 0.85 0.27 0.98 0.77 0.06 0.49 0.30 0.78 0.15 0.32 0.15 0.65 0.49 0.18 0.60 0.90 0.33 0.55 0.24 0.90 0.28 0.85 0.49 0.24 0.49 0.66 0.18 0.74 0.90 0.38 0.11 0.28 0.17 0.17 0.09 0.78 0.14 0.03 0.64 0.19 0.87 0.49 0.33 0.81 0.33 0.23 0.27 0.72 0.47 0.79 0.08 0.60 0.11 0.31 0.15 0.06 0.96 0.33 0.27 0.37 0.22 0.00 0.74 0.92 0.12 0.78 0.17 0.40 0.19 0.74 0.21 0.90 0.49 0.92 0.78 0.16 0.46 0.60 0.60 0.66 0.17 0.00 0.90 0.40 0.44 0.92 0.90 0.31 0.62 0.56 0.31 0.12 0.57 0.11 0.94 0.40 0.27 0.17 0.01 0.33 0.06 0.30 0.20 0.81 0.11 0.41 0.00 0.70 0.90 0.87 0.03 0.16 0.17 0.18 0.37 0.00 0.55 0.76 0.14 0.37 0.93 0.36 0.33 0.70 0.90 0.76 0.27 0.79 0.17 0.20 0.70 0.56 0.97 0.15 0.32 0.37 0.66 0.76 0.66 0.59 0.65 0.66 0.62 0.46 0.15 0.84 0.33 0.03 0.76 0.28 0.62 0.93 0.15 0.27 0.99 0.65 0.06 0.70 0.49 0.00 0.16 0.18 0.76 0.00 0.33 0.59 0.78 0.72 0.85 0.78 0.89 0.18 0.78 0.18 0.18 0.92 0.76 0.09 0.18 0.26 0.73 0.61 0.68 0.81 0.31 0.47 0.70 0.62 0.00 0.87 0.80 0.78 0.18 0.87 0.49 0.17 0.00 0.78 0.06 0.76 0.87 0.17 0.73 0.26 0.20 0.74 0.27 0.18 0.75 0.00 0.81 0.22 0.70 0.77 0.46 0.16 0.76 0.76 0.62 0.17 0.11 0.44 0.44 0.18 0.17 0.11 0.05 0.76 0.08 0.76 0.44 0.24 0.62 0.44 0.83 0.70 0.11 0.57 0.26 0.55 0.73 0.51 0.62 0.27 0.57 0.06 0.09 0.62 0.17 0.33 0.31 0.70 0.78 0.09 0.86 0.49 0.90 0.78 0.00 0.71 0.40 0.06 0.15 0.69 0.92 0.17 0.51 0.76 0.24 0.66 0.27 0.13 0.15 0.76 0.89 0.90 0.30 0.74 0.63 0.59 0.78 0.33 0.33 0.42 0.81 0.00 0.24 0.97 0.59 0.76 0.06 0.29 0.52 0.28 0.70 0.73 0.11 0.62 0.15 0.81 0.15 0.70 0.70 0.17 0.18 0.92 0.62 0.90 0.33 0.12 0.76 0.70 0.67 0.86 0.79 0.90 0.40 0.24 0.00 0.90 0.15 0.75 0.76 0.76 0.15 0.16 0.06 0.44 0.07 0.27 0.00 ]

δ: 0.01, n: 2048
Levels required: 10
log(QP): 1765
⌛(The sorting took:): 37.57:382
Level final: 23/25


Expected:  [ 0.00 0.00 0.00 0.00 0.00 0.00 0.00 0.00 0.00 0.00 0.00 0.00 0.00 0.00 0.00 0.00 0.00 0.00 0.00 0.00 0.00 0.00 0.00 0.00 0.00 0.00 0.00 0.00 0.00 0.00 0.00 0.00 0.00 0.00 0.00 0.00 0.00 0.00 0.00 0.00 0.00 0.00 0.00 0.00 0.00 0.00 0.00 0.00 0.00 0.00 0.00 0.00 0.00 0.00 0.00 0.00 0.00 0.00 0.00 0.00 0.00 0.00 0.00 0.00 0.00 0.00 0.00 0.00 0.00 0.00 0.00 0.00 0.00 0.00 0.00 0.00 0.00 0.01 0.01 0.02 0.02 0.02 0.03 0.03 0.03 0.03 0.03 0.03 0.03 0.03 0.03 0.03 0.03 0.03 0.03 0.03 0.04 0.05 0.05 0.05 0.05 0.05 0.05 0.05 0.05 0.05 0.05 0.05 0.05 0.05 0.06 0.06 0.06 0.06 0.06 0.06 0.06 0.06 0.06 0.06 0.06 0.06 0.06 0.06 0.06 0.06 0.06 0.06 0.06 0.06 0.06 0.06 0.06 0.06 0.06 0.06 0.06 0.06 0.06 0.06 0.06 0.06 0.06 0.06 0.06 0.06 0.06 0.06 0.06 0.06 0.06 0.06 0.06 0.06 0.06 0.07 0.07 0.07 0.07 0.07 0.07 0.08 0.08 0.08 0.08 0.08 0.08 0.08 0.08 0.09 0.09 0.09 0.09 0.09 0.09 0.09 0.09 0.09 0.09 0.09 0.09 0.09 0.09 0.09 0.09 0.09 0.09 0.09 0.09 0.09 0.09 0.10 0.10 0.10 0.10 0.10 0.10 0.10 0.10 0.10 0.10 0.10 0.10 0.10 0.10 0.10 0.10 0.10 0.10 0.10 0.10 0.10 0.10 0.10 0.10 0.10 0.10 0.10 0.10 0.10 0.10 0.10 0.10 0.10 0.10 0.10 0.10 0.10 0.10 0.11 0.11 0.11 0.11 0.11 0.11 0.11 0.11 0.11 0.11 0.11 0.11 0.11 0.11 0.11 0.11 0.11 0.11 0.11 0.11 0.11 0.11 0.11 0.11 0.11 0.11 0.12 0.12 0.12 0.12 0.12 0.12 0.12 0.12 0.12 0.12 0.12 0.13 0.13 0.13 0.13 0.13 0.13 0.13 0.13 0.13 0.13 0.13 0.14 0.14 0.14 0.14 0.14 0.14 0.14 0.14 0.14 0.14 0.14 0.14 0.14 0.14 0.14 0.14 0.14 0.14 0.14 0.14 0.14 0.14 0.14 0.14 0.14 0.14 0.14 0.14 0.14 0.14 0.14 0.14 0.14 0.14 0.14 0.14 0.14 0.14 0.14 0.14 0.14 0.14 0.14 0.14 0.14 0.15 0.15 0.15 0.15 0.15 0.15 0.15 0.15 0.15 0.15 0.15 0.15 0.15 0.15 0.15 0.15 0.15 0.15 0.15 0.15 0.15 0.15 0.15 0.15 0.15 0.15 0.15 0.15 0.15 0.16 0.16 0.16 0.16 0.16 0.16 0.16 0.16 0.16 0.16 0.16 0.16 0.16 0.16 0.16 0.16 0.16 0.16 0.16 0.16 0.16 0.16 0.16 0.16 0.16 0.16 0.16 0.16 0.16 0.16 0.16 0.16 0.16 0.16 0.16 0.16 0.16 0.16 0.16 0.16 0.16 0.16 0.16 0.16 0.16 0.16 0.16 0.16 0.16 0.16 0.16 0.16 0.16 0.16 0.16 0.16 0.16 0.16 0.16 0.16 0.16 0.16 0.16 0.16 0.16 0.16 0.16 0.16 0.16 0.16 0.16 0.16 0.16 0.16 0.16 0.16 0.16 0.16 0.16 0.16 0.16 0.16 0.16 0.16 0.16 0.16 0.17 0.17 0.17 0.17 0.17 0.17 0.17 0.17 0.17 0.17 0.17 0.17 0.17 0.17 0.17 0.17 0.17 0.17 0.17 0.17 0.17 0.17 0.17 0.17 0.17 0.17 0.17 0.17 0.17 0.17 0.17 0.17 0.17 0.17 0.17 0.17 0.17 0.17 0.17 0.17 0.17 0.17 0.17 0.17 0.17 0.17 0.17 0.17 0.17 0.17 0.17 0.17 0.17 0.17 0.17 0.18 0.18 0.18 0.18 0.18 0.18 0.18 0.18 0.18 0.19 0.19 0.19 0.19 0.19 0.19 0.19 0.19 0.19 0.19 0.19 0.19 0.19 0.19 0.19 0.19 0.19 0.19 0.19 0.19 0.19 0.20 0.21 0.21 0.21 0.21 0.21 0.21 0.21 0.21 0.21 0.21 0.21 0.21 0.21 0.21 0.22 0.22 0.22 0.23 0.23 0.23 0.23 0.23 0.23 0.23 0.23 0.23 0.23 0.23 0.23 0.23 0.23 0.23 0.23 0.23 0.23 0.23 0.23 0.23 0.23 0.23 0.23 0.23 0.23 0.23 0.24 0.25 0.25 0.25 0.25 0.25 0.25 0.25 0.25 0.25 0.25 0.25 0.25 0.25 0.25 0.25 0.25 0.25 0.26 0.26 0.26 0.26 0.26 0.26 0.26 0.26 0.26 0.26 0.26 0.26 0.26 0.26 0.26 0.26 0.26 0.26 0.26 0.26 0.26 0.26 0.26 0.26 0.26 0.26 0.26 0.26 0.26 0.26 0.26 0.26 0.26 0.26 0.26 0.26 0.26 0.26 0.26 0.26 0.27 0.27 0.27 0.27 0.27 0.27 0.27 0.27 0.27 0.27 0.27 0.27 0.27 0.27 0.27 0.27 0.27 0.27 0.27 0.27 0.28 0.28 0.28 0.28 0.28 0.28 0.28 0.28 0.28 0.28 0.28 0.28 0.29 0.29 0.29 0.29 0.29 0.29 0.29 0.29 0.29 0.29 0.29 0.29 0.29 0.29 0.29 0.29 0.29 0.29 0.29 0.29 0.29 0.29 0.29 0.29 0.29 0.29 0.29 0.29 0.29 0.29 0.29 0.30 0.30 0.30 0.30 0.30 0.30 0.30 0.30 0.30 0.30 0.30 0.30 0.30 0.30 0.30 0.30 0.30 0.30 0.30 0.31 0.31 0.31 0.31 0.31 0.31 0.31 0.31 0.31 0.31 0.31 0.31 0.31 0.31 0.31 0.31 0.31 0.31 0.31 0.31 0.31 0.31 0.31 0.31 0.31 0.31 0.31 0.31 0.31 0.31 0.31 0.31 0.31 0.31 0.31 0.31 0.31 0.31 0.31 0.31 0.31 0.31 0.31 0.31 0.31 0.31 0.31 0.31 0.31 0.31 0.31 0.31 0.31 0.31 0.31 0.31 0.31 0.31 0.31 0.31 0.31 0.31 0.31 0.31 0.31 0.31 0.31 0.31 0.31 0.32 0.32 0.32 0.33 0.33 0.33 0.33 0.33 0.33 0.33 0.33 0.33 0.33 0.33 0.33 0.33 0.34 0.34 0.34 0.34 0.34 0.35 0.35 0.35 0.35 0.35 0.35 0.35 0.35 0.35 0.35 0.35 0.35 0.35 0.35 0.35 0.35 0.35 0.35 0.35 0.35 0.35 0.35 0.35 0.35 0.36 0.36 0.36 0.36 0.37 0.38 0.38 0.38 0.38 0.38 0.38 0.38 0.38 0.38 0.38 0.38 0.38 0.38 0.38 0.38 0.38 0.38 0.38 0.38 0.38 0.38 0.38 0.38 0.38 0.38 0.38 0.38 0.38 0.38 0.38 0.38 0.38 0.38 0.38 0.38 0.38 0.38 0.38 0.39 0.39 0.39 0.39 0.39 0.39 0.39 0.40 0.40 0.40 0.40 0.40 0.40 0.40 0.40 0.40 0.40 0.40 0.41 0.41 0.41 0.41 0.41 0.41 0.42 0.42 0.42 0.42 0.42 0.42 0.42 0.42 0.42 0.42 0.42 0.42 0.42 0.42 0.42 0.42 0.42 0.42 0.42 0.42 0.42 0.42 0.42 0.42 0.42 0.42 0.42 0.42 0.42 0.42 0.42 0.42 0.42 0.42 0.42 0.42 0.43 0.43 0.43 0.43 0.43 0.43 0.43 0.43 0.44 0.44 0.44 0.44 0.44 0.44 0.44 0.44 0.44 0.44 0.44 0.44 0.44 0.44 0.44 0.44 0.44 0.44 0.44 0.44 0.44 0.44 0.44 0.44 0.44 0.44 0.44 0.44 0.44 0.44 0.45 0.45 0.45 0.45 0.45 0.45 0.45 0.45 0.45 0.45 0.45 0.45 0.45 0.45 0.46 0.46 0.46 0.46 0.46 0.46 0.46 0.47 0.47 0.47 0.47 0.47 0.47 0.47 0.47 0.47 0.47 0.47 0.47 0.47 0.47 0.47 0.47 0.47 0.47 0.47 0.47 0.47 0.47 0.47 0.47 0.47 0.47 0.47 0.47 0.47 0.47 0.47 0.47 0.47 0.47 0.47 0.47 0.47 0.47 0.47 0.47 0.47 0.47 0.47 0.47 0.47 0.47 0.47 0.47 0.47 0.47 0.47 0.47 0.47 0.47 0.47 0.47 0.47 0.47 0.47 0.47 0.47 0.47 0.47 0.48 0.48 0.48 0.48 0.48 0.48 0.48 0.48 0.48 0.48 0.48 0.48 0.48 0.48 0.48 0.48 0.48 0.48 0.48 0.48 0.48 0.48 0.48 0.48 0.48 0.49 0.49 0.49 0.49 0.49 0.49 0.50 0.50 0.50 0.50 0.50 0.51 0.51 0.52 0.52 0.52 0.52 0.52 0.52 0.52 0.52 0.52 0.52 0.52 0.52 0.52 0.52 0.52 0.52 0.53 0.53 0.53 0.53 0.53 0.53 0.53 0.53 0.53 0.53 0.53 0.53 0.53 0.53 0.53 0.53 0.53 0.53 0.54 0.54 0.54 0.54 0.54 0.54 0.54 0.54 0.54 0.54 0.54 0.54 0.54 0.54 0.54 0.55 0.55 0.55 0.56 0.56 0.56 0.56 0.56 0.56 0.56 0.56 0.56 0.56 0.56 0.56 0.56 0.56 0.57 0.57 0.57 0.57 0.57 0.57 0.57 0.57 0.57 0.57 0.57 0.57 0.57 0.57 0.57 0.57 0.58 0.59 0.59 0.59 0.59 0.59 0.59 0.59 0.59 0.59 0.59 0.59 0.59 0.59 0.59 0.59 0.59 0.59 0.59 0.59 0.59 0.59 0.59 0.59 0.59 0.59 0.59 0.59 0.59 0.59 0.59 0.59 0.59 0.59 0.59 0.59 0.59 0.59 0.59 0.59 0.59 0.59 0.59 0.59 0.59 0.59 0.59 0.59 0.59 0.59 0.59 0.60 0.60 0.60 0.60 0.60 0.60 0.60 0.60 0.60 0.60 0.60 0.60 0.60 0.60 0.60 0.61 0.61 0.61 0.61 0.62 0.62 0.62 0.62 0.62 0.62 0.62 0.62 0.62 0.62 0.62 0.63 0.63 0.63 0.63 0.63 0.63 0.63 0.63 0.63 0.63 0.63 0.63 0.63 0.63 0.63 0.63 0.63 0.63 0.63 0.63 0.63 0.63 0.63 0.63 0.63 0.63 0.63 0.63 0.63 0.63 0.63 0.63 0.63 0.63 0.63 0.63 0.63 0.63 0.64 0.64 0.64 0.64 0.64 0.64 0.64 0.64 0.64 0.64 0.64 0.64 0.64 0.64 0.64 0.64 0.64 0.64 0.64 0.64 0.64 0.64 0.64 0.64 0.65 0.65 0.65 0.65 0.65 0.65 0.65 0.65 0.65 0.65 0.65 0.66 0.66 0.66 0.66 0.66 0.66 0.67 0.67 0.67 0.67 0.67 0.67 0.67 0.67 0.67 0.67 0.67 0.67 0.67 0.67 0.67 0.67 0.67 0.67 0.67 0.67 0.67 0.67 0.67 0.67 0.67 0.67 0.67 0.67 0.67 0.67 0.67 0.67 0.67 0.67 0.67 0.67 0.67 0.67 0.67 0.67 0.67 0.67 0.67 0.67 0.67 0.67 0.67 0.67 0.67 0.67 0.67 0.67 0.67 0.67 0.67 0.67 0.67 0.67 0.67 0.67 0.67 0.67 0.67 0.67 0.67 0.67 0.67 0.67 0.67 0.67 0.67 0.67 0.67 0.67 0.67 0.67 0.67 0.67 0.68 0.68 0.68 0.68 0.68 0.68 0.68 0.68 0.68 0.69 0.69 0.69 0.69 0.69 0.69 0.69 0.69 0.69 0.69 0.69 0.69 0.69 0.69 0.69 0.69 0.69 0.69 0.69 0.69 0.69 0.69 0.69 0.69 0.69 0.69 0.69 0.69 0.69 0.70 0.70 0.70 0.70 0.70 0.70 0.70 0.70 0.70 0.70 0.70 0.70 0.70 0.70 0.70 0.70 0.70 0.70 0.70 0.70 0.70 0.70 0.70 0.70 0.70 0.70 0.70 0.70 0.70 0.71 0.71 0.71 0.71 0.71 0.71 0.71 0.71 0.71 0.71 0.71 0.71 0.71 0.71 0.71 0.71 0.71 0.71 0.71 0.71 0.71 0.72 0.72 0.72 0.72 0.72 0.72 0.72 0.72 0.72 0.72 0.72 0.72 0.72 0.72 0.72 0.72 0.72 0.72 0.72 0.72 0.72 0.72 0.72 0.72 0.72 0.72 0.72 0.72 0.72 0.72 0.72 0.72 0.72 0.72 0.72 0.72 0.72 0.72 0.72 0.72 0.72 0.72 0.72 0.72 0.72 0.72 0.72 0.72 0.72 0.72 0.72 0.72 0.72 0.72 0.72 0.72 0.72 0.72 0.72 0.72 0.72 0.72 0.72 0.72 0.72 0.72 0.72 0.72 0.72 0.72 0.72 0.72 0.72 0.72 0.72 0.72 0.72 0.72 0.72 0.72 0.72 0.72 0.72 0.72 0.72 0.72 0.73 0.73 0.73 0.73 0.73 0.73 0.73 0.73 0.73 0.74 0.74 0.74 0.74 0.74 0.74 0.74 0.74 0.74 0.74 0.74 0.74 0.74 0.74 0.74 0.74 0.74 0.74 0.74 0.74 0.74 0.74 0.74 0.74 0.74 0.74 0.74 0.74 0.74 0.74 0.74 0.74 0.74 0.74 0.74 0.74 0.74 0.74 0.74 0.74 0.74 0.74 0.74 0.74 0.74 0.74 0.74 0.74 0.74 0.74 0.74 0.74 0.74 0.74 0.74 0.74 0.74 0.74 0.75 0.75 0.75 0.75 0.75 0.75 0.75 0.75 0.76 0.76 0.76 0.76 0.76 0.76 0.76 0.77 0.77 0.77 0.77 0.77 0.77 0.77 0.77 0.77 0.77 0.77 0.77 0.77 0.77 0.77 0.77 0.77 0.77 0.77 0.77 0.77 0.77 0.77 0.77 0.77 0.77 0.77 0.77 0.77 0.77 0.77 0.77 0.77 0.77 0.77 0.77 0.77 0.77 0.77 0.77 0.77 0.77 0.77 0.77 0.77 0.77 0.77 0.77 0.77 0.77 0.77 0.77 0.77 0.77 0.77 0.77 0.77 0.77 0.77 0.78 0.78 0.79 0.79 0.79 0.79 0.79 0.79 0.79 0.79 0.79 0.79 0.80 0.80 0.80 0.80 0.80 0.80 0.80 0.80 0.80 0.80 0.80 0.80 0.80 0.80 0.80 0.80 0.80 0.81 0.81 0.81 0.81 0.81 0.81 0.81 0.81 0.81 0.81 0.81 0.81 0.81 0.81 0.82 0.82 0.82 0.82 0.82 0.82 0.82 0.82 0.82 0.82 0.82 0.83 0.83 0.83 0.83 0.83 0.83 0.83 0.83 0.83 0.83 0.83 0.83 0.83 0.83 0.83 0.83 0.83 0.83 0.84 0.84 0.84 0.84 0.84 0.84 0.84 0.84 0.84 0.84 0.85 0.85 0.85 0.85 0.85 0.85 0.85 0.85 0.85 0.85 0.85 0.85 0.85 0.85 0.85 0.85 0.85 0.85 0.85 0.85 0.86 0.86 0.86 0.86 0.86 0.86 0.86 0.86 0.86 0.86 0.86 0.86 0.86 0.86 0.86 0.86 0.86 0.86 0.86 0.86 0.86 0.86 0.86 0.86 0.86 0.86 0.86 0.86 0.86 0.86 0.86 0.86 0.86 0.86 0.86 0.86 0.86 0.86 0.86 0.86 0.86 0.86 0.86 0.86 0.86 0.86 0.86 0.86 0.86 0.86 0.86 0.86 0.86 0.86 0.86 0.86 0.86 0.86 0.86 0.86 0.86 0.86 0.86 0.86 0.86 0.86 0.86 0.86 0.86 0.86 0.86 0.86 0.86 0.86 0.86 0.86 0.86 0.86 0.86 0.86 0.86 0.86 0.86 0.86 0.86 0.86 0.86 0.86 0.86 0.86 0.86 0.86 0.86 0.87 0.87 0.87 0.87 0.87 0.87 0.87 0.87 0.87 0.87 0.87 0.87 0.87 0.87 0.87 0.87 0.87 0.87 0.87 0.87 0.87 0.87 0.87 0.87 0.87 0.87 0.87 0.87 0.87 0.87 0.87 0.87 0.87 0.87 0.87 0.87 0.87 0.87 0.87 0.87 0.87 0.87 0.87 0.87 0.88 0.88 0.88 0.88 0.88 0.88 0.89 0.89 0.89 0.89 0.89 0.89 0.89 0.89 0.89 0.89 0.89 0.89 0.90 0.91 0.91 0.91 0.91 0.91 0.91 0.91 0.91 0.91 0.91 0.91 0.91 0.91 0.91 0.91 0.91 0.91 0.91 0.91 0.91 0.91 0.91 0.91 0.91 0.91 0.91 0.91 0.91 0.92 0.92 0.92 0.92 0.92 0.92 0.92 0.92 0.92 0.92 0.92 0.92 0.92 0.92 0.92 0.92 0.92 0.93 0.93 0.93 0.93 0.93 0.93 0.93 0.94 0.94 0.94 0.94 0.94 0.94 0.94 0.94 0.94 0.94 0.94 0.94 0.94 0.94 0.94 0.94 0.94 0.94 0.94 ]

Obtained:  [ -0.01 -0.01 -0.01 -0.01 -0.01 -0.01 -0.01 -0.00 -0.01 -0.01 -0.01 -0.00 -0.01 -0.00 -0.00 -0.00 -0.01 -0.00 -0.00 -0.00 -0.00 -0.00 -0.00 -0.00 -0.00 -0.00 -0.00 -0.00 -0.00 -0.00 -0.00 0.00 -0.00 -0.00 -0.00 -0.00 -0.00 -0.00 -0.00 0.00 -0.00 -0.00 -0.00 0.00 -0.00 0.00 0.00 0.00 -0.00 -0.00 -0.00 0.00 -0.00 0.00 0.00 0.00 -0.00 0.00 0.00 0.00 0.00 0.00 0.00 0.01 0.00 0.00 0.00 0.00 0.00 0.00 0.00 0.01 0.00 0.01 0.01 0.01 0.01 0.01 0.01 0.02 0.02 0.02 0.02 0.02 0.02 0.03 0.03 0.03 0.03 0.03 0.03 0.03 0.03 0.03 0.03 0.03 0.04 0.04 0.04 0.05 0.04 0.05 0.05 0.05 0.05 0.05 0.05 0.05 0.05 0.05 0.05 0.05 0.05 0.05 0.05 0.05 0.05 0.05 0.05 0.06 0.05 0.05 0.05 0.06 0.05 0.06 0.06 0.06 0.05 0.05 0.06 0.06 0.06 0.06 0.06 0.06 0.06 0.06 0.06 0.06 0.06 0.06 0.06 0.06 0.06 0.06 0.06 0.06 0.06 0.06 0.06 0.06 0.06 0.06 0.06 0.06 0.06 0.07 0.07 0.07 0.07 0.07 0.07 0.07 0.07 0.08 0.08 0.08 0.08 0.08 0.08 0.08 0.08 0.08 0.08 0.09 0.08 0.08 0.08 0.09 0.08 0.09 0.09 0.09 0.09 0.09 0.09 0.09 0.09 0.10 0.10 0.10 0.10 0.10 0.10 0.10 0.10 0.10 0.10 0.10 0.10 0.10 0.10 0.10 0.10 0.10 0.10 0.11 0.10 0.10 0.10 0.11 0.10 0.11 0.11 0.11 0.10 0.11 0.11 0.11 0.11 0.11 0.11 0.11 0.11 0.11 0.11 0.11 0.11 0.11 0.11 0.11 0.11 0.11 0.11 0.11 0.11 0.11 0.11 0.11 0.11 0.11 0.11 0.11 0.11 0.11 0.11 0.12 0.11 0.12 0.12 0.12 0.12 0.12 0.12 0.12 0.12 0.12 0.12 0.12 0.12 0.12 0.12 0.13 0.13 0.13 0.13 0.13 0.13 0.13 0.13 0.13 0.13 0.13 0.13 0.14 0.13 0.14 0.14 0.14 0.14 0.14 0.14 0.14 0.14 0.14 0.14 0.14 0.14 0.14 0.14 0.14 0.14 0.14 0.14 0.14 0.14 0.14 0.14 0.14 0.14 0.14 0.14 0.15 0.14 0.14 0.14 0.14 0.14 0.14 0.14 0.15 0.14 0.14 0.14 0.15 0.14 0.15 0.15 0.15 0.14 0.15 0.15 0.15 0.15 0.15 0.15 0.15 0.15 0.15 0.15 0.15 0.15 0.15 0.15 0.15 0.15 0.15 0.15 0.15 0.15 0.15 0.15 0.16 0.15 0.15 0.15 0.16 0.15 0.16 0.16 0.16 0.15 0.15 0.15 0.16 0.15 0.16 0.16 0.16 0.15 0.16 0.16 0.16 0.16 0.16 0.16 0.16 0.15 0.16 0.16 0.16 0.16 0.16 0.16 0.16 0.16 0.16 0.16 0.16 0.16 0.16 0.16 0.16 0.16 0.16 0.16 0.16 0.16 0.16 0.16 0.16 0.16 0.16 0.16 0.16 0.16 0.16 0.16 0.16 0.16 0.16 0.16 0.16 0.16 0.16 0.16 0.16 0.16 0.16 0.16 0.16 0.16 0.16 0.16 0.17 0.16 0.16 0.16 0.16 0.16 0.16 0.16 0.17 0.16 0.16 0.16 0.17 0.16 0.17 0.17 0.17 0.16 0.16 0.16 0.17 0.16 0.17 0.17 0.17 0.16 0.17 0.17 0.17 0.17 0.17 0.17 0.17 0.16 0.17 0.17 0.17 0.17 0.17 0.17 0.17 0.17 0.17 0.17 0.17 0.17 0.17 0.17 0.17 0.17 0.17 0.17 0.17 0.17 0.17 0.17 0.17 0.17 0.17 0.17 0.17 0.17 0.17 0.17 0.18 0.17 0.17 0.17 0.18 0.17 0.18 0.18 0.18 0.17 0.18 0.18 0.18 0.18 0.18 0.18 0.18 0.18 0.18 0.18 0.18 0.18 0.18 0.18 0.19 0.18 0.19 0.19 0.19 0.19 0.19 0.19 0.19 0.19 0.19 0.19 0.19 0.19 0.19 0.19 0.19 0.19 0.19 0.20 0.20 0.20 0.21 0.21 0.21 0.21 0.21 0.21 0.21 0.21 0.21 0.21 0.21 0.21 0.22 0.22 0.22 0.22 0.22 0.22 0.22 0.22 0.22 0.22 0.23 0.22 0.23 0.23 0.23 0.23 0.23 0.23 0.23 0.23 0.23 0.23 0.23 0.23 0.23 0.23 0.23 0.23 0.23 0.23 0.24 0.24 0.24 0.24 0.25 0.24 0.25 0.25 0.25 0.25 0.25 0.25 0.25 0.25 0.25 0.25 0.25 0.25 0.25 0.25 0.25 0.25 0.25 0.25 0.25 0.25 0.25 0.25 0.25 0.25 0.25 0.25 0.26 0.25 0.25 0.25 0.26 0.25 0.26 0.26 0.26 0.25 0.26 0.26 0.26 0.26 0.26 0.26 0.26 0.26 0.26 0.26 0.26 0.26 0.26 0.26 0.26 0.26 0.26 0.26 0.26 0.26 0.26 0.26 0.27 0.26 0.26 0.26 0.27 0.26 0.27 0.27 0.27 0.27 0.27 0.27 0.27 0.27 0.27 0.27 0.27 0.27 0.27 0.27 0.28 0.27 0.28 0.28 0.28 0.28 0.28 0.28 0.28 0.28 0.28 0.28 0.29 0.28 0.29 0.29 0.29 0.29 0.29 0.29 0.29 0.29 0.29 0.29 0.29 0.29 0.29 0.29 0.29 0.29 0.29 0.29 0.30 0.30 0.30 0.30 0.30 0.30 0.30 0.30 0.30 0.30 0.30 0.30 0.30 0.30 0.30 0.30 0.31 0.30 0.31 0.31 0.31 0.30 0.31 0.31 0.31 0.31 0.31 0.31 0.31 0.31 0.31 0.31 0.31 0.31 0.31 0.31 0.31 0.31 0.31 0.31 0.31 0.31 0.31 0.31 0.31 0.31 0.31 0.31 0.31 0.31 0.31 0.31 0.31 0.31 0.31 0.31 0.31 0.31 0.31 0.31 0.32 0.31 0.31 0.31 0.32 0.31 0.32 0.32 0.32 0.31 0.31 0.31 0.32 0.31 0.32 0.32 0.32 0.31 0.32 0.32 0.32 0.32 0.32 0.32 0.32 0.32 0.32 0.32 0.32 0.32 0.32 0.32 0.32 0.32 0.32 0.32 0.33 0.33 0.33 0.33 0.33 0.33 0.33 0.33 0.33 0.33 0.33 0.33 0.34 0.34 0.34 0.34 0.34 0.34 0.35 0.35 0.35 0.35 0.35 0.35 0.35 0.35 0.35 0.35 0.35 0.35 0.35 0.35 0.35 0.35 0.35 0.35 0.35 0.35 0.35 0.35 0.36 0.36 0.36 0.36 0.36 0.36 0.37 0.37 0.37 0.37 0.38 0.38 0.38 0.37 0.38 0.38 0.38 0.38 0.38 0.38 0.38 0.38 0.38 0.38 0.38 0.38 0.38 0.38 0.38 0.38 0.38 0.38 0.38 0.38 0.38 0.38 0.38 0.38 0.38 0.38 0.38 0.38 0.38 0.38 0.39 0.39 0.39 0.39 0.39 0.39 0.39 0.39 0.39 0.39 0.40 0.40 0.40 0.40 0.40 0.40 0.40 0.40 0.40 0.40 0.41 0.41 0.41 0.41 0.41 0.41 0.41 0.41 0.41 0.41 0.41 0.41 0.42 0.41 0.41 0.41 0.42 0.41 0.42 0.42 0.42 0.41 0.42 0.42 0.42 0.42 0.42 0.42 0.42 0.42 0.42 0.42 0.42 0.42 0.42 0.42 0.42 0.42 0.42 0.42 0.42 0.42 0.42 0.43 0.43 0.43 0.43 0.43 0.43 0.43 0.43 0.43 0.43 0.43 0.43 0.43 0.44 0.43 0.44 0.44 0.44 0.43 0.44 0.44 0.44 0.44 0.44 0.44 0.44 0.44 0.44 0.44 0.44 0.44 0.44 0.44 0.44 0.44 0.44 0.44 0.44 0.44 0.44 0.44 0.45 0.44 0.45 0.45 0.45 0.45 0.45 0.45 0.45 0.45 0.45 0.45 0.46 0.46 0.46 0.46 0.46 0.46 0.46 0.46 0.46 0.46 0.46 0.46 0.46 0.46 0.46 0.46 0.46 0.46 0.46 0.46 0.46 0.46 0.46 0.46 0.46 0.46 0.46 0.46 0.47 0.46 0.46 0.46 0.47 0.46 0.47 0.47 0.47 0.46 0.47 0.47 0.47 0.47 0.47 0.47 0.47 0.46 0.47 0.47 0.47 0.47 0.47 0.47 0.47 0.47 0.47 0.47 0.47 0.47 0.47 0.47 0.47 0.47 0.47 0.47 0.47 0.47 0.47 0.47 0.48 0.48 0.48 0.48 0.48 0.48 0.48 0.48 0.48 0.48 0.48 0.48 0.48 0.48 0.49 0.49 0.49 0.48 0.49 0.49 0.49 0.49 0.49 0.49 0.49 0.49 0.49 0.49 0.50 0.50 0.50 0.50 0.50 0.50 0.51 0.51 0.51 0.52 0.52 0.52 0.52 0.52 0.52 0.52 0.52 0.52 0.52 0.52 0.53 0.52 0.53 0.53 0.53 0.53 0.53 0.53 0.53 0.53 0.53 0.53 0.53 0.53 0.53 0.53 0.53 0.53 0.53 0.53 0.54 0.53 0.54 0.54 0.54 0.54 0.54 0.54 0.54 0.54 0.54 0.54 0.54 0.54 0.54 0.54 0.55 0.55 0.55 0.55 0.55 0.55 0.56 0.56 0.56 0.56 0.56 0.56 0.56 0.56 0.56 0.56 0.56 0.56 0.56 0.56 0.57 0.57 0.57 0.57 0.57 0.57 0.57 0.57 0.57 0.57 0.57 0.57 0.57 0.57 0.57 0.58 0.58 0.58 0.58 0.58 0.58 0.58 0.58 0.58 0.59 0.58 0.59 0.59 0.59 0.59 0.59 0.59 0.59 0.58 0.59 0.59 0.59 0.59 0.59 0.59 0.59 0.59 0.59 0.59 0.59 0.59 0.59 0.59 0.59 0.59 0.59 0.59 0.59 0.59 0.59 0.59 0.59 0.59 0.59 0.59 0.59 0.59 0.59 0.59 0.60 0.59 0.59 0.59 0.60 0.59 0.60 0.60 0.60 0.60 0.60 0.60 0.60 0.60 0.60 0.60 0.60 0.60 0.61 0.61 0.61 0.61 0.61 0.61 0.62 0.62 0.62 0.62 0.62 0.62 0.62 0.62 0.62 0.62 0.62 0.62 0.62 0.62 0.62 0.62 0.63 0.62 0.62 0.62 0.63 0.62 0.63 0.63 0.63 0.62 0.63 0.63 0.63 0.63 0.63 0.63 0.63 0.63 0.63 0.63 0.63 0.63 0.63 0.63 0.63 0.63 0.63 0.63 0.63 0.63 0.63 0.63 0.63 0.63 0.63 0.63 0.63 0.63 0.63 0.63 0.64 0.63 0.64 0.64 0.64 0.64 0.64 0.64 0.64 0.64 0.64 0.64 0.64 0.64 0.64 0.64 0.64 0.64 0.64 0.64 0.65 0.65 0.65 0.65 0.65 0.65 0.65 0.65 0.66 0.66 0.66 0.66 0.66 0.66 0.66 0.66 0.66 0.66 0.66 0.66 0.66 0.66 0.66 0.66 0.66 0.66 0.66 0.66 0.66 0.66 0.66 0.66 0.66 0.66 0.66 0.66 0.67 0.66 0.66 0.66 0.67 0.66 0.67 0.67 0.67 0.66 0.66 0.66 0.67 0.66 0.67 0.67 0.67 0.66 0.67 0.67 0.67 0.67 0.67 0.67 0.67 0.67 0.67 0.67 0.67 0.67 0.67 0.67 0.67 0.67 0.67 0.67 0.67 0.67 0.67 0.67 0.67 0.67 0.67 0.67 0.67 0.67 0.67 0.67 0.68 0.68 0.68 0.68 0.68 0.68 0.68 0.68 0.68 0.68 0.68 0.68 0.69 0.69 0.69 0.69 0.69 0.69 0.69 0.69 0.69 0.69 0.69 0.69 0.69 0.69 0.69 0.69 0.69 0.69 0.69 0.69 0.70 0.69 0.69 0.69 0.70 0.69 0.70 0.70 0.70 0.70 0.70 0.70 0.70 0.70 0.70 0.70 0.70 0.70 0.70 0.70 0.70 0.70 0.70 0.70 0.70 0.70 0.70 0.70 0.70 0.70 0.70 0.70 0.71 0.70 0.71 0.71 0.71 0.71 0.71 0.71 0.71 0.71 0.71 0.71 0.71 0.71 0.71 0.71 0.71 0.71 0.71 0.71 0.71 0.71 0.71 0.71 0.72 0.71 0.71 0.71 0.72 0.71 0.72 0.72 0.72 0.71 0.72 0.72 0.72 0.72 0.72 0.72 0.72 0.71 0.72 0.72 0.72 0.72 0.72 0.72 0.72 0.72 0.72 0.72 0.72 0.72 0.72 0.72 0.72 0.72 0.72 0.72 0.72 0.72 0.72 0.72 0.72 0.72 0.72 0.72 0.72 0.72 0.72 0.72 0.72 0.72 0.72 0.72 0.72 0.72 0.72 0.72 0.72 0.72 0.72 0.72 0.72 0.72 0.72 0.72 0.73 0.72 0.72 0.72 0.72 0.72 0.72 0.72 0.73 0.72 0.72 0.72 0.73 0.72 0.73 0.73 0.73 0.72 0.73 0.73 0.73 0.73 0.73 0.73 0.73 0.73 0.73 0.73 0.73 0.73 0.73 0.73 0.73 0.73 0.73 0.73 0.73 0.73 0.73 0.73 0.74 0.73 0.74 0.74 0.74 0.74 0.74 0.74 0.74 0.73 0.74 0.74 0.74 0.74 0.74 0.74 0.74 0.74 0.74 0.74 0.74 0.74 0.74 0.74 0.74 0.74 0.74 0.74 0.74 0.74 0.74 0.74 0.74 0.74 0.74 0.74 0.74 0.74 0.74 0.74 0.75 0.74 0.74 0.74 0.75 0.74 0.74 0.75 0.75 0.74 0.75 0.75 0.75 0.75 0.75 0.75 0.75 0.75 0.75 0.75 0.75 0.75 0.76 0.76 0.76 0.76 0.76 0.76 0.76 0.76 0.76 0.76 0.77 0.76 0.76 0.76 0.77 0.76 0.77 0.77 0.77 0.76 0.77 0.77 0.77 0.77 0.77 0.77 0.77 0.76 0.77 0.77 0.77 0.77 0.77 0.77 0.77 0.77 0.77 0.77 0.77 0.77 0.77 0.77 0.77 0.77 0.77 0.77 0.77 0.77 0.77 0.77 0.77 0.77 0.77 0.77 0.77 0.77 0.77 0.77 0.78 0.77 0.77 0.77 0.78 0.77 0.78 0.78 0.78 0.78 0.78 0.79 0.79 0.79 0.79 0.79 0.79 0.79 0.79 0.79 0.79 0.79 0.79 0.79 0.80 0.79 0.80 0.80 0.80 0.80 0.80 0.80 0.80 0.80 0.80 0.80 0.80 0.80 0.80 0.80 0.81 0.80 0.81 0.81 0.81 0.81 0.81 0.81 0.81 0.81 0.81 0.81 0.81 0.81 0.82 0.82 0.82 0.82 0.82 0.82 0.82 0.82 0.82 0.82 0.82 0.82 0.82 0.82 0.83 0.82 0.83 0.83 0.83 0.83 0.83 0.83 0.83 0.83 0.83 0.83 0.83 0.83 0.83 0.83 0.84 0.83 0.84 0.84 0.84 0.84 0.84 0.84 0.84 0.84 0.84 0.84 0.85 0.84 0.84 0.84 0.85 0.84 0.85 0.85 0.85 0.84 0.85 0.85 0.85 0.85 0.85 0.85 0.85 0.85 0.85 0.85 0.85 0.85 0.85 0.85 0.85 0.85 0.85 0.85 0.85 0.85 0.85 0.85 0.85 0.85 0.85 0.85 0.85 0.85 0.85 0.85 0.85 0.85 0.85 0.85 0.85 0.85 0.85 0.85 0.86 0.85 0.85 0.85 0.85 0.85 0.85 0.85 0.86 0.85 0.85 0.85 0.86 0.85 0.86 0.86 0.86 0.85 0.85 0.85 0.86 0.85 0.86 0.86 0.86 0.85 0.86 0.86 0.86 0.86 0.86 0.86 0.86 0.85 0.86 0.86 0.86 0.86 0.86 0.86 0.86 0.86 0.86 0.86 0.86 0.86 0.86 0.86 0.86 0.86 0.86 0.86 0.86 0.86 0.86 0.86 0.86 0.86 0.87 0.87 0.87 0.87 0.87 0.87 0.87 0.87 0.87 0.87 0.87 0.87 0.87 0.87 0.87 0.87 0.87 0.87 0.87 0.87 0.87 0.87 0.88 0.87 0.87 0.87 0.88 0.87 0.88 0.87 0.88 0.87 0.88 0.88 0.88 0.88 0.88 0.88 0.88 0.88 0.88 0.88 0.88 0.88 0.88 0.88 0.88 0.88 0.88 0.88 0.89 0.89 0.89 0.89 0.89 0.89 0.89 0.89 0.89 0.89 0.89 0.89 0.90 0.90 0.91 0.91 0.91 0.91 0.91 0.91 0.91 0.91 0.91 0.91 0.91 0.91 0.91 0.91 0.91 0.91 0.91 0.91 0.91 0.91 0.91 0.91 0.92 0.91 0.92 0.92 0.92 0.92 0.92 0.92 0.92 0.92 0.92 0.92 0.92 0.92 0.92 0.92 0.92 0.92 0.92 0.92 0.93 0.92 0.93 0.93 0.93 0.93 0.93 0.93 0.93 0.93 0.93 0.94 0.94 0.94 0.94 0.94 0.94 0.94 0.94 0.94 0.94 0.94 0.94 0.94 0.94 0.94 0.94 0.94 0.95 ]

Corrects (up to 0.01): [1;32m2048[0m/[1;32m2048[0m
Precision bits: [1;32m6.65[0m, inputs: 128
