Starting experiment 2
Selected sorting type: Permutation-based
Circuit depth: 21

Ciphertext: 
[ 0.417 0.543 0.133 0.856 0.137 0.178 0.761 0.012 ]

δ: 0.001, N: 65536, log(QP): 1533, λ: 128 bits
⌛(The sorting took:): 58:48s
Level final: 20/21


Expected:  [ 0.012 0.133 0.137 0.178 0.417 0.543 0.761 0.856 ]

Obtained:  [ 0.012 0.133 0.137 0.178 0.417 0.543 0.761 0.856 ]

Corrects (up to 0.001): [1;32m8[0m/[1;32m8[0m
Precision bits: [1;32m16.982[0m, inputs: 8
Selected sorting type: Permutation-based
Circuit depth: 21

Ciphertext: 
[ 0.530 0.588 0.259 0.767 0.900 0.144 0.795 0.075 0.527 0.947 0.637 0.890 0.352 0.074 0.585 0.944 ]

δ: 0.001, N: 65536, log(QP): 1533, λ: 128 bits
⌛(The sorting took:): 58:720s
Level final: 20/21


Expected:  [ 0.074 0.075 0.144 0.259 0.352 0.527 0.530 0.585 0.588 0.637 0.767 0.795 0.890 0.900 0.944 0.947 ]

Obtained:  [ 0.074 0.075 0.144 0.259 0.352 0.527 0.530 0.585 0.588 0.637 0.767 0.795 0.890 0.900 0.944 0.947 ]

Corrects (up to 0.001): [1;32m16[0m/[1;32m16[0m
Precision bits: [1;32m13.017[0m, inputs: 16
Selected sorting type: Permutation-based
Circuit depth: 22

Ciphertext: 
[ 0.887 0.119 0.544 0.087 0.530 0.521 0.692 0.288 0.246 0.911 0.846 0.216 0.351 0.185 0.941 0.602 0.408 0.643 0.267 0.663 0.512 0.336 0.997 0.462 0.966 0.373 0.923 0.526 0.909 0.370 0.241 0.197 ]

δ: 0.001, N: 65536, log(QP): 1638, λ: 128 bits
⌛(The sorting took:): 1.4:586
Level final: 21/22


Expected:  [ 0.087 0.119 0.185 0.197 0.216 0.241 0.246 0.267 0.288 0.336 0.351 0.370 0.373 0.408 0.462 0.512 0.521 0.526 0.530 0.544 0.602 0.643 0.663 0.692 0.846 0.887 0.909 0.911 0.923 0.941 0.966 0.997 ]

Obtained:  [ 0.087 0.119 0.185 0.197 0.216 0.241 0.246 0.267 0.288 0.336 0.351 0.370 0.373 0.408 0.462 0.512 0.521 0.526 0.530 0.544 0.602 0.643 0.663 0.692 0.846 0.887 0.909 0.911 0.923 0.941 0.966 0.997 ]

Corrects (up to 0.001): [1;32m32[0m/[1;32m32[0m
Precision bits: [1;32m12.989[0m, inputs: 32
Selected sorting type: Permutation-based
Circuit depth: 23

Ciphertext: 
[ 0.805 0.964 0.865 0.534 0.199 0.539 0.704 0.646 0.133 0.754 0.159 0.783 0.055 0.610 0.875 0.521 0.627 0.445 0.206 0.731 0.840 0.226 0.607 0.846 0.124 0.332 0.914 0.997 0.811 0.390 0.877 0.073 0.614 0.563 0.588 0.573 0.570 0.260 0.930 0.253 0.034 0.547 0.709 0.434 0.470 0.336 0.784 0.703 0.240 0.472 0.649 0.277 0.641 0.089 0.793 0.652 0.028 0.956 0.052 0.779 0.246 0.638 0.103 0.500 ]

δ: 0.001, N: 65536, log(QP): 1683, λ: 128 bits
⌛(The sorting took:): 1.10:82
Level final: 22/23


Expected:  [ 0.028 0.034 0.052 0.055 0.073 0.089 0.103 0.124 0.133 0.159 0.199 0.206 0.226 0.240 0.246 0.253 0.260 0.277 0.332 0.336 0.390 0.434 0.445 0.470 0.472 0.500 0.521 0.534 0.539 0.547 0.563 0.570 0.573 0.588 0.607 0.610 0.614 0.627 0.638 0.641 0.646 0.649 0.652 0.703 0.704 0.709 0.731 0.754 0.779 0.783 0.784 0.793 0.805 0.811 0.840 0.846 0.865 0.875 0.877 0.914 0.930 0.956 0.964 0.997 ]

Obtained:  [ 0.028 0.034 0.052 0.055 0.073 0.089 0.103 0.124 0.133 0.159 0.199 0.206 0.226 0.240 0.246 0.253 0.260 0.277 0.332 0.336 0.390 0.434 0.445 0.470 0.472 0.500 0.521 0.534 0.539 0.547 0.563 0.570 0.573 0.588 0.607 0.610 0.614 0.627 0.638 0.641 0.646 0.649 0.652 0.703 0.704 0.709 0.731 0.754 0.779 0.783 0.784 0.793 0.805 0.811 0.840 0.846 0.865 0.875 0.877 0.914 0.930 0.956 0.964 0.997 ]

Corrects (up to 0.001): [1;32m64[0m/[1;32m64[0m
Precision bits: [1;32m12.710[0m, inputs: 64
Selected sorting type: Permutation-based
Circuit depth: 24

Ciphertext: 
[ 0.467 0.326 0.930 0.861 0.857 0.060 0.515 0.413 0.300 0.036 0.208 0.244 0.061 0.426 0.017 0.209 0.862 0.073 0.640 0.050 0.493 0.302 0.113 0.744 0.067 0.654 0.338 0.158 0.081 0.755 0.900 0.582 0.013 0.000 0.784 0.772 0.683 0.820 0.508 0.802 0.066 0.323 0.724 0.350 0.669 0.147 0.008 0.144 0.909 0.763 0.439 0.971 0.595 0.629 0.721 0.722 0.831 0.898 0.650 0.594 0.391 0.460 0.479 0.903 0.689 0.531 0.548 0.033 0.575 0.427 0.687 0.443 0.198 0.141 0.945 0.140 0.701 0.430 0.958 0.069 0.566 0.989 0.567 0.684 0.231 0.019 0.978 0.816 0.822 0.645 0.758 0.007 0.998 0.975 0.833 0.622 0.331 0.026 0.135 0.770 0.941 0.766 0.132 0.893 0.085 0.346 0.680 0.435 0.205 0.984 0.421 0.108 0.240 0.739 0.119 0.982 0.929 0.128 0.306 0.129 0.406 0.235 0.530 0.886 0.536 0.472 0.962 0.762 ]

δ: 0.001, N: 65536, log(QP): 1728, λ: 128 bits
⌛(The sorting took:): 1.13:460
Level final: 23/24


Expected:  [ 0.000 0.007 0.008 0.013 0.017 0.019 0.026 0.033 0.036 0.050 0.060 0.061 0.066 0.067 0.069 0.073 0.081 0.085 0.108 0.113 0.119 0.128 0.129 0.132 0.135 0.140 0.141 0.144 0.147 0.158 0.198 0.205 0.208 0.209 0.231 0.235 0.240 0.244 0.300 0.302 0.306 0.323 0.326 0.331 0.338 0.346 0.350 0.391 0.406 0.413 0.421 0.426 0.427 0.430 0.435 0.439 0.443 0.460 0.467 0.472 0.479 0.493 0.508 0.515 0.530 0.531 0.536 0.548 0.566 0.567 0.575 0.582 0.594 0.595 0.622 0.629 0.640 0.645 0.650 0.654 0.669 0.680 0.683 0.684 0.687 0.689 0.701 0.721 0.722 0.724 0.739 0.744 0.755 0.758 0.762 0.763 0.766 0.770 0.772 0.784 0.802 0.816 0.820 0.822 0.831 0.833 0.857 0.861 0.862 0.886 0.893 0.898 0.900 0.903 0.909 0.929 0.930 0.941 0.945 0.958 0.962 0.971 0.975 0.978 0.982 0.984 0.989 0.998 ]

Obtained:  [ -0.000 0.007 0.008 0.013 0.017 0.019 0.026 0.033 0.036 0.050 0.060 0.061 0.066 0.067 0.069 0.073 0.081 0.085 0.108 0.113 0.119 0.128 0.129 0.132 0.135 0.140 0.141 0.144 0.147 0.158 0.198 0.205 0.208 0.209 0.231 0.235 0.240 0.244 0.300 0.302 0.306 0.323 0.326 0.331 0.338 0.346 0.350 0.391 0.406 0.413 0.421 0.426 0.427 0.430 0.435 0.439 0.443 0.460 0.467 0.472 0.479 0.493 0.508 0.515 0.530 0.531 0.536 0.548 0.566 0.567 0.575 0.582 0.594 0.595 0.622 0.629 0.640 0.645 0.650 0.654 0.669 0.680 0.683 0.684 0.687 0.689 0.701 0.721 0.722 0.724 0.739 0.744 0.755 0.758 0.762 0.763 0.766 0.770 0.772 0.784 0.802 0.816 0.820 0.822 0.831 0.833 0.857 0.861 0.862 0.886 0.893 0.898 0.900 0.903 0.909 0.929 0.930 0.941 0.945 0.958 0.962 0.971 0.975 0.978 0.982 0.984 0.989 0.998 ]

Corrects (up to 0.001): [1;32m128[0m/[1;32m128[0m
Precision bits: [1;32m11.450[0m, inputs: 128
