Starting experiment 1
Selected sorting type: Permutation-based
Circuit depth: 17

Ciphertext: 
[ 0.18 0.13 0.12 0.19 0.76 0.21 0.36 0.43 ]

δ: 0.01, N: 65536, log(QP): 1233, λ: 128 bits
⌛(The sorting took:): 13:456s
Level final: 16/17


Expected:  [ 0.12 0.13 0.18 0.19 0.21 0.36 0.43 0.76 ]

Obtained:  [ 0.12 0.13 0.18 0.19 0.21 0.36 0.43 0.76 ]

Corrects (up to 0.01): [1;32m8[0m/[1;32m8[0m
Precision bits: [1;32m12.75[0m, inputs: 8
Selected sorting type: Permutation-based
Circuit depth: 17

Ciphertext: 
[ 0.29 0.38 0.02 0.07 0.26 0.03 0.31 0.01 0.64 0.73 0.86 0.56 0.30 0.78 0.76 0.75 ]

δ: 0.01, N: 65536, log(QP): 1233, λ: 128 bits
⌛(The sorting took:): 14:404s
Level final: 16/17


Expected:  [ 0.01 0.02 0.03 0.07 0.26 0.29 0.30 0.31 0.38 0.56 0.64 0.73 0.75 0.76 0.78 0.86 ]

Obtained:  [ 0.01 0.02 0.03 0.07 0.26 0.29 0.30 0.31 0.38 0.56 0.64 0.73 0.75 0.76 0.78 0.86 ]

Corrects (up to 0.01): [1;32m16[0m/[1;32m16[0m
Precision bits: [1;32m10.76[0m, inputs: 16
Selected sorting type: Permutation-based
Circuit depth: 18

Ciphertext: 
[ 0.44 0.05 0.54 0.30 0.99 0.77 0.26 0.86 0.73 0.31 0.66 0.27 0.94 0.50 0.21 0.96 0.20 0.04 0.55 0.12 0.13 0.48 0.63 0.62 0.16 0.59 0.08 0.11 0.10 0.09 0.43 0.74 ]

δ: 0.01, N: 65536, log(QP): 1338, λ: 128 bits
⌛(The sorting took:): 15:815s
Level final: 17/18


Expected:  [ 0.04 0.05 0.08 0.09 0.10 0.11 0.12 0.13 0.16 0.20 0.21 0.26 0.27 0.30 0.31 0.43 0.44 0.48 0.50 0.54 0.55 0.59 0.62 0.63 0.66 0.73 0.74 0.77 0.86 0.94 0.96 0.99 ]

Obtained:  [ 0.04 0.05 0.08 0.09 0.10 0.11 0.12 0.13 0.16 0.20 0.21 0.26 0.27 0.30 0.31 0.43 0.44 0.48 0.50 0.54 0.55 0.59 0.62 0.63 0.66 0.73 0.74 0.77 0.86 0.94 0.96 0.99 ]

Corrects (up to 0.01): [1;32m32[0m/[1;32m32[0m
Precision bits: [1;32m9.64[0m, inputs: 32
Selected sorting type: Permutation-based
Circuit depth: 19

Ciphertext: 
[ 0.95 0.43 0.39 0.45 0.85 0.99 0.70 0.93 0.51 0.05 0.14 0.20 0.03 0.00 0.01 0.25 0.21 0.96 0.58 0.62 0.68 0.89 0.72 0.50 0.52 0.97 0.77 0.63 0.87 0.69 0.40 0.26 0.27 0.23 0.60 0.22 0.06 0.86 0.53 0.11 0.92 0.31 0.49 0.67 0.74 0.08 0.12 0.42 0.37 0.47 0.34 0.30 0.24 0.94 0.15 0.17 0.35 0.16 0.91 0.32 0.38 0.82 0.07 0.57 ]

δ: 0.01, N: 65536, log(QP): 1383, λ: 128 bits
⌛(The sorting took:): 18:828s
Level final: 18/19


Expected:  [ 0.00 0.01 0.03 0.05 0.06 0.07 0.08 0.11 0.12 0.14 0.15 0.16 0.17 0.20 0.21 0.22 0.23 0.24 0.25 0.26 0.27 0.30 0.31 0.32 0.34 0.35 0.37 0.38 0.39 0.40 0.42 0.43 0.45 0.47 0.49 0.50 0.51 0.52 0.53 0.57 0.58 0.60 0.62 0.63 0.67 0.68 0.69 0.70 0.72 0.74 0.77 0.82 0.85 0.86 0.87 0.89 0.91 0.92 0.93 0.94 0.95 0.96 0.97 0.99 ]

Obtained:  [ -0.00 0.01 0.03 0.05 0.06 0.07 0.08 0.11 0.12 0.14 0.15 0.16 0.17 0.20 0.21 0.22 0.23 0.24 0.25 0.26 0.27 0.30 0.31 0.32 0.34 0.35 0.37 0.38 0.39 0.40 0.42 0.43 0.45 0.47 0.49 0.50 0.51 0.52 0.53 0.57 0.58 0.60 0.62 0.63 0.67 0.68 0.69 0.70 0.72 0.74 0.77 0.82 0.85 0.86 0.87 0.89 0.91 0.92 0.93 0.94 0.95 0.96 0.97 0.99 ]

Corrects (up to 0.01): [1;32m64[0m/[1;32m64[0m
Precision bits: [1;32m9.45[0m, inputs: 64
Selected sorting type: Permutation-based
Circuit depth: 20

Ciphertext: 
[ 0.23 0.06 0.87 0.02 0.55 0.07 0.60 0.70 0.29 0.66 0.57 0.86 0.48 0.87 0.35 0.00 0.83 0.45 0.52 0.47 0.54 0.08 0.37 0.42 0.16 0.49 0.32 0.58 0.78 0.53 0.97 0.85 0.87 0.04 0.08 0.06 0.00 0.33 0.17 0.34 0.93 0.36 0.18 0.03 0.46 0.61 0.98 0.99 0.21 0.21 0.82 0.59 0.32 0.69 0.99 0.50 0.36 0.91 0.25 0.68 0.09 0.26 0.71 0.65 0.24 0.67 0.74 0.92 0.96 0.41 0.84 0.77 0.30 0.44 0.28 0.72 0.83 0.95 0.15 0.39 0.19 0.09 0.78 0.73 0.56 0.05 0.69 0.88 0.27 0.14 0.81 0.78 0.38 0.12 0.82 0.05 0.46 0.63 0.13 0.76 0.96 0.01 0.31 0.49 0.31 0.10 0.87 0.18 0.64 0.93 0.20 0.51 0.43 0.75 0.37 0.40 0.54 0.31 0.22 0.94 0.90 0.11 0.89 0.25 0.62 0.80 0.79 0.63 ]

δ: 0.01, N: 65536, log(QP): 1488, λ: 128 bits
⌛(The sorting took:): 22:445s
Level final: 19/20


Expected:  [ 0.00 0.00 0.01 0.02 0.03 0.04 0.05 0.05 0.06 0.06 0.07 0.08 0.08 0.09 0.09 0.10 0.11 0.12 0.13 0.14 0.15 0.16 0.17 0.18 0.18 0.19 0.20 0.21 0.21 0.22 0.23 0.24 0.25 0.25 0.26 0.27 0.28 0.29 0.30 0.31 0.31 0.31 0.32 0.32 0.33 0.34 0.35 0.36 0.36 0.37 0.37 0.38 0.39 0.40 0.41 0.42 0.43 0.44 0.45 0.46 0.46 0.47 0.48 0.49 0.49 0.50 0.51 0.52 0.53 0.54 0.54 0.55 0.56 0.57 0.58 0.59 0.60 0.61 0.62 0.63 0.63 0.64 0.65 0.66 0.67 0.68 0.69 0.69 0.70 0.71 0.72 0.73 0.74 0.75 0.76 0.77 0.78 0.78 0.78 0.79 0.80 0.81 0.82 0.82 0.83 0.83 0.84 0.85 0.86 0.87 0.87 0.87 0.87 0.88 0.89 0.90 0.91 0.92 0.93 0.93 0.94 0.95 0.96 0.96 0.97 0.98 0.99 0.99 ]

Obtained:  [ -0.00 0.00 0.01 0.02 0.03 0.04 0.05 0.05 0.06 0.06 0.07 0.08 0.08 0.09 0.09 0.10 0.11 0.12 0.13 0.14 0.15 0.16 0.17 0.18 0.18 0.19 0.20 0.21 0.21 0.22 0.23 0.24 0.25 0.25 0.26 0.27 0.28 0.29 0.30 0.31 0.31 0.31 0.32 0.32 0.33 0.34 0.35 0.36 0.36 0.37 0.37 0.38 0.39 0.40 0.41 0.42 0.43 0.44 0.45 0.46 0.46 0.47 0.48 0.49 0.49 0.50 0.51 0.52 0.53 0.54 0.54 0.55 0.56 0.57 0.58 0.59 0.60 0.61 0.62 0.63 0.63 0.64 0.65 0.66 0.67 0.68 0.69 0.69 0.70 0.71 0.72 0.73 0.74 0.75 0.76 0.77 0.78 0.78 0.78 0.79 0.80 0.81 0.82 0.82 0.83 0.83 0.84 0.85 0.86 0.87 0.87 0.87 0.87 0.88 0.89 0.90 0.91 0.92 0.93 0.93 0.94 0.95 0.96 0.96 0.97 0.98 0.99 0.99 ]

Corrects (up to 0.01): [1;32m128[0m/[1;32m128[0m
Precision bits: [1;32m8.61[0m, inputs: 128
